0 0.5043654822335025 0.5152360482309721 0.42538071065989846 0.23170378500327735
1 0.5084263959390863 0.19435679334156492 0.5187817258883249 0.38871358668312983
3 0.9398984771573605 0.7400801817045471 0.03959390862944167 0.04115790917821379
3 0.9864619289340101 0.7404384079510983 0.023076142131979737 0.026630691605310862
3 0.9536040609137055 0.667672748891023 0.067005076142132 0.04573101019801522
3 0.9717411167512691 0.5104495358302464 0.05251776649746193 0.03615798539656408
3 0.9261928934010152 0.5533452233959849 0.042639593908629425 0.03353607414521118
3 0.9747868020304568 0.43401777411929693 0.04642639593908632 0.04487736467431899
3 0.9708629441624367 0.3315498239356108 0.04670050761421328 0.04725537720461576
3 0.682030456852792 0.6661483818844225 0.09035532994923857 0.04573101019801522
