0 0.7253506493506493 0.22609020372598648 0.2415584415584417 0.26036264055433384
0 0.2526233766233766 0.1187295132982034 0.03896103896103898 0.03734284884444629
0 0.17989610389610386 0.18926600555993525 0.031168831168831162 0.024895232562964185
0 0.29872727272727273 0.23542591593709802 0.02987012987012986 0.025932533919754364
0 0.34353246753246747 0.3059624081988299 0.041558441558441586 0.11928965603087009
0 0.7123636363636364 0.787270237749471 0.4987012987012988 0.24584042155927133
0 0.3234025974025974 0.9044852910667607 0.28441558441558434 0.046678561055557746
3 0.28574025974025974 0.8790714078254013 0.05324675324675331 0.03734284884444623
1 0.707168831168831 0.567362350109954 0.49090909090909085 0.18152773743828055
1 0.7811948051948051 0.09331563005684412 0.3116883116883116 0.10269283432222728
1 0.326 0.06738309613708975 0.3 0.065349985477781
1 0.40197402597402593 0.23542591593709802 0.12727272727272726 0.36616737894693163
0 0.17015584415584414 0.27225011410314925 0.02987012987012997 0.020746027135803518
0 0.25327272727272726 0.31737272312352177 0.04025974025974028 0.09024521804074519
