0 0.8574637975869165 0.5061924335545042 0.2622725872247076 0.3192942869891396
3 0.32694938440492477 0.2798644221724887 0.042863657090743225 0.07135675132172159
3 0.7419060647514819 0.7680094709869936 0.23985408116735069 0.10054814958969865
3 0.164483306836248 0.7044555015266312 0.09348171701112876 0.13683139206151748
3 0.2697297297297297 0.6563948886124619 0.03815580286168523 0.07011195295714119
3 0.25669316375198725 0.8198009725206378 0.03243243243243245 0.08255117041727925
3 0.2970747217806041 0.7519506954653398 0.020349761526232107 0.053149383693316773
3 0.3457233704292528 0.8248897432997851 0.04260731319554853 0.07237362885898448
3 0.38324324324324327 0.7615628180481736 0.04515103338632751 0.0723736288589846
3 0.4376152623211446 0.7462965057107316 0.04197138314785374 0.10969128123939843
3 0.5403179650238473 0.760431980097252 0.04260731319554847 0.13343887820875272
