0 0.5324532019704433 0.25316841800240963 0.10147783251231522 0.11285821043480912
0 0.5743251231527092 0.38814073723863407 0.029556650246305365 0.06557977092833499
0 0.6900886699507389 0.1425978739953331 0.06995073891625622 0.14793576232670924
0 0.685655172413793 0.2501181960987662 0.05517241379310349 0.07625554759108726
0 0.7058522167487683 0.4445698424560386 0.10344827586206895 0.28214552608702276
0 0.7117635467980294 0.7091765925971113 0.10147783251231522 0.2043648675441138
0 0.7014187192118225 0.9051533499062054 0.0748768472906404 0.17233753755585707
0 0.5693990147783251 0.8937150177675425 0.0374384236453202 0.05185377236193921
0 0.5708768472906404 0.7839070292363769 0.026600985221674932 0.06100443807286987
0 0.37538423645320196 0.9674236300690874 0.061231527093596125 0.05896078939742882
0 0.4004334975369458 0.6809620399884091 0.05221674876847294 0.07778065854290898
0 0.2570837438423645 0.639784044289222 0.03546798029556652 0.05642910521740454
1 0.8713694581280786 0.4948985038661562 0.23349753694581274 0.9684454544068081
1 0.3442758620689655 0.13954765209168965 0.15467980295566497 0.24249264133965745
0 0.51471921182266 0.017538775945950064 0.05024630541871915 0.03507755189190013
0 0.5058522167487685 0.5574280528908477 0.17635467980295566 0.40415440223276233
