0 0.3254509803921568 0.9015197774611573 0.10784313725490195 0.10007463192889611
0 0.520549019607843 0.8854060655404029 0.050980392156862765 0.04749304566117099
0 0.16368627450980391 0.5097021507564964 0.07843137254901959 0.13060587556822037
0 0.24849019607843137 0.5173349616663274 0.06960784313725492 0.13908677657914373
0 0.32594117647058823 0.46899382590406397 0.0813725490196078 0.20863016486871563
0 0.40339215686274504 0.511398330958681 0.0558823529411765 0.11025171314200417
0 0.4710392156862745 0.513942601261958 0.059803921568627474 0.1289096953660356
0 0.5342745098039214 0.5147906913630504 0.06078431372549017 0.12382115475948167
0 0.5965294117647059 0.4605129248931406 0.05 0.21541488567745437
0 0.6484901960784314 0.5105502408575887 0.04607843137254902 0.10177081213108082
0 0.6975098039215685 0.5080059705543116 0.038235294117647 0.10685935273763489
0 0.7352549019607842 0.5266639527783431 0.050980392156862765 0.30361625619105764
0 0.794078431372549 0.5241196824750661 0.03921568627450991 0.09498609132234204
0 0.8347647058823529 0.5190311418685121 0.03627450980392162 0.08141664970486462
0 0.8685882352941175 0.5224235022728814 0.03529411764705886 0.08480901010923397
0 0.9082941176470587 0.5207273220706967 0.03235294117647057 0.08141664970486469
0 0.9754509803921567 0.521575412171789 0.03137254901960781 0.08650519031141862
1 0.3369906629318394 0.11162319599119924 0.6681774042950513 0.21306931076929042
