0 0.10109249280283458 0.48203875409471997 0.1033439137816491 0.07217811337515963
0 0.21862785162944534 0.7695837483519107 0.39135392978127914 0.4443465940827326
0 0.5153908614453385 0.2557881294764311 0.17162471395881013 0.194325689856199
0 0.7354580349892965 0.21414691022153126 0.15409315715656596 0.1748931208705791
0 0.7912822027017051 0.5764255177391594 0.16055215176791915 0.25262339681305873
0 0.6168893481951725 0.6930209316528788 0.2269875249132649 0.13602798289933934
0 0.8263453163061932 0.07256676475487203 0.08119878939986716 0.0971628449280995
1 0.3977448881671219 0.09199933374049192 0.2574370709382151 0.16101271445227913
1 0.6579500996530596 0.07464882571761701 0.20022883295194502 0.14019210482482927
1 0.906160035432199 0.277302759424796 0.1522477301247508 0.36227860751762814
