0 0.05597626242399971 0.43101321585903085 0.11195252484799942 0.18795888399412627
0 0.22481523282484436 0.3296916299559471 0.20206065460370629 0.14977973568281938
0 0.39410929479011175 0.45377386196769454 0.09101831288455237 0.16886930983847284
0 0.5310918556813631 0.43541850220264317 0.09192849601339785 0.20264317180616734
0 0.5593075326755743 0.04187958883994126 0.12833582116721884 0.07342143906020557
0 0.7226854043033458 0.4846108663729809 0.025485127607674636 0.14243759177679882
0 0.8505661339061419 0.5602349486049927 0.14107838497105615 0.13803230543318648
1 0.2512105435613646 0.1769750367107195 0.500600720865038 0.3348017621145375
1 0.5920741253140132 0.19606461086637297 0.20661157024793383 0.23201174743024963
1 0.8132486256234754 0.09474302496328929 0.366803800924746 0.1791483113069016
