0 0.22304639804639803 0.4500395304993006 0.04884004884004883 0.16116280484096573
0 0.36498778998778997 0.13911694946177702 0.029507529507529502 0.07145897950495651
0 0.6636243386243386 0.9015994648178555 0.09564509564509562 0.06081615277017576
0 0.8116707366707366 0.9320075412029434 0.03561253561253553 0.042571306939123095
0 0.7831807081807081 0.7123091893206835 0.09055759055759055 0.1079486711670619
0 0.6178367928367928 0.671258286200815 0.08954008954008959 0.08362221005899163
0 0.49573667073667066 0.4690445782399805 0.038665038665038655 0.034969287842851006
0 0.6219067969067968 0.5496259806604634 0.12210012210012211 0.13531593991364105
0 0.7394281644281644 0.5861156723225689 0.09666259666259669 0.08666301769750043
0 0.6066442816442816 0.2531472359058566 0.39682539682539686 0.4454783190415374
