3 0.21397849462365592 0.7626752966558792 0.39426523297491034 0.21467098166127285
3 0.8140887786049077 0.6047630901999834 0.08127929418251993 0.08795950543523351
0 0.4845878136200717 0.3673139158576052 0.1670250896057348 0.22222222222222224
0 0.5275985663082436 0.551779935275081 0.06666666666666661 0.060409924487594455
0 0.44946236559139785 0.662891046386192 0.11397849462365592 0.05609492988133768
3 0.4498207885304659 0.7378640776699029 0.047311827956989246 0.042071197411003236
3 0.04086021505376344 0.37270765911542614 0.07956989247311828 0.19201725997842506
3 0.8114695340501792 0.7831715210355987 0.05806451612903226 0.05501618122977346
3 0.6874551971326165 0.7659115426105718 0.03655913978494624 0.05070118662351669
3 0.9279569892473118 0.7988133764832793 0.10896057347670243 0.053937432578209245
3 0.3095119933829611 0.9666625176333913 0.03308519437551696 0.0300804912455397
