0 0.0324639149151684 0.7846629222034492 0.058749050392504436 0.1476475333729089
0 0.06639655609014941 0.5578641338265066 0.12661433274246647 0.1019833477936588
0 0.07551278804760699 0.18265674231700077 0.1367434793618638 0.16743534712391736
0 0.25986325652063813 0.33563176400748895 0.08407191694099776 0.05936344125302523
0 0.34190934413775637 0.20777204438558838 0.12661433274246647 0.0684962783688753
0 0.524740440617878 0.22451557909798012 0.12560141808052663 0.10502762683227546
0 0.6067865282349961 0.2678965553982678 0.024309951886553605 0.051752743656483545
0 0.5034692327171436 0.33867604304610566 0.04456824512534819 0.08371767356195872
0 0.5829830336794125 0.3440035313636848 0.10433021017979234 0.0882840921198837
0 0.6984553051405419 0.34400353136368483 0.1185110154469486 0.06697413884956699
0 0.7030134211192707 0.4695800417066228 0.11547227146112939 0.15982464952737566
0 0.5085338060268423 0.4711021812259312 0.040516586477589274 0.07458483644610867
0 0.5834894910103824 0.5350320410368814 0.08913649025069638 0.05327488317579188
0 0.788604710053178 0.37672953102881407 0.02532286654849331 0.03805348798270852
0 0.9162319574575842 0.3691188334322725 0.071916940997721 0.05023060413717525
1 0.33127374018738925 0.09665585947607956 0.6543428716130667 0.17809032375907577
