0 0.5321623783495533 0.743998040176384 0.24163444874016796 0.12861342479176874
1 0.701306492467671 0.3405499755022047 0.5332622317024398 0.6599093581577657
3 0.14304759365417946 0.45538339049485543 0.03999466737768301 0.019904458598726114
3 0.1963738168244234 0.45232116609505135 0.03666177842954269 0.016842234198922033
3 0.24803359552059726 0.45079005389514937 0.03666177842954269 0.016842234198922033
3 0.3021930409278763 0.45232116609505135 0.03499533395547258 0.016842234198922033
3 0.3463538194907345 0.5235178833904948 0.043327556325823226 0.02449779519843219
3 0.338854819357419 0.18896986771190594 0.021663778162911613 0.01378000979911809
3 0.07638981469137446 0.6467724154826066 0.033328889481402474 0.029091131798138173
3 0.23053592854286092 0.6016046055854972 0.05499266764431408 0.030622243998040168
3 0.19137448340221305 0.5288767760901518 0.033328889481402474 0.019904458598726114
3 0.1088854819357419 0.8121325330720235 0.04499400079989338 0.022966682998530105
3 0.1680442607652313 0.8075391964723174 0.03332888948140257 0.022966682998530105
3 0.4413411545127316 0.8664870161685448 0.05999200106652451 0.0244977951984321
3 0.5779896013864817 0.9047648211660949 0.019997333688841504 0.18373346398824103
3 0.6254832688974803 0.873377021068104 0.04499400079989333 0.041340029397354226
3 0.6296493800826556 0.9552915237628613 0.053326223170243874 0.03674669279764824
3 0.7496333822157045 0.927731504164625 0.026663111585121937 0.13780009799118081
3 0.945440607918944 0.886391474767271 0.038328222903612895 0.16842234198922099
3 0.8279562724970004 0.7998836354728075 0.18997467004399418 0.016842234198922033
3 0.22470337288361547 0.722562469377756 0.043327556325823226 0.02143557079862811
3 0.08638848153579522 0.5350012248897599 0.029996000533262256 0.022966682998530105
3 0.8321223836821756 0.6528968642822145 0.23830155979202772 0.035215580597746154
3 0.8329556059192107 0.5771068103870651 0.23996800426609785 0.04593336599706021
3 0.8204572723636848 0.5066756491915727 0.2582988934808692 0.03674669279764824
