0 0.15980455803464652 0.5420734117933278 0.05808589879386338 0.09579417936319681
0 0.22415462238471084 0.47516954049204757 0.0523912028336807 0.07450658394915313
0 0.2719900684502454 0.4858133381990694 0.027334540608876853 0.056260073594258456
0 0.23839136228516758 0.5876896876805644 0.028473479800913467 0.04409573335766203
0 0.25832279814580694 0.6850044095733357 0.04783544606553452 0.05321898853510929
0 0.305019305019305 0.6789222394550376 0.013667270304438426 0.038013563239363855
0 0.34716005512465686 0.6834838670437612 0.034168175761096146 0.05321898853510929
0 0.3317843760321636 0.5930115865340754 0.07630892586644798 0.08210929659702589
0 0.2708511292582089 0.5831280600918407 0.02505666222480379 0.04409573335766203
0 0.33975695037641934 0.4934160508469422 0.08314256101866722 0.07450658394915305
0 0.47073495746062116 0.4934160508469422 0.04897438525757108 0.050177903475960205
0 0.47472124463274906 0.5823677888270534 0.04100181091331533 0.04257519082808745
0 0.47699912301682207 0.6659976279536538 0.04555756768146146 0.060821701182982045
0 0.5470438833270691 0.5116625612018367 0.051252263641644195 0.07146549889000396
0 0.5498912313071606 0.5930115865340754 0.05011332444960758 0.060821701182982045
0 0.5504607009031788 0.6697989842775902 0.04897438525757108 0.044095733357661954
0 0.41435746745481256 0.42879299334002363 0.0523912028336807 0.05169844600553478
0 0.5248345690823567 0.42955326460481097 0.06605847313811918 0.07754766900830222
0 0.7332604412250431 0.4645257427850257 0.10022664889921527 0.05930115865340754
0 0.6797302991993257 0.5139433749961986 0.03644605414516921 0.0364930207097892
0 0.6859944647555266 0.5785664325031171 0.035307114953132594 0.03497247818021469
0 0.779956948098541 0.5907307727397135 0.06378059475404606 0.19614998631511724
3 0.8636689787132265 0.26533467141075934 0.08314256101866717 0.06538332877170572
3 0.10285759843281965 0.5633610072073716 0.06036377717793647 0.03193139312106553
