0 0.42898809523809517 0.36347517730496454 0.029761904761904746 0.08611955420466062
0 0.5218452380952381 0.3736068895643364 0.048809523809523796 0.0835866261398176
0 0.5867261904761905 0.40400202634245186 0.04523809523809533 0.07598784194528871
0 0.6664880952380952 0.41286727456940225 0.03571428571428569 0.0734549138804458
0 0.5831547619047619 0.26659067882472137 0.04761904761904759 0.09751773049645392
0 0.6605357142857143 0.29128672745694023 0.05 0.08611955420466058
0 0.7432738095238095 0.260258358662614 0.05833333333333343 0.09498480243161092
0 0.6408928571428573 0.12854609929078012 0.1583333333333333 0.14057750759878418
0 0.4135119047619047 0.15577507598784193 0.07976190476190474 0.08611955420466058
1 0.5057738095238095 0.17603850050658562 0.09285714285714278 0.16210739614994932
1 0.2944642857142857 0.11841438703140832 0.1369047619047619 0.23429584599797365
1 0.5676785714285714 0.04432624113475177 0.40714285714285714 0.0785207700101317
3 0.1274609375 0.8045628324468085 0.13671875 0.049867021276595744
3 0.388203125 0.900141289893617 0.111328125 0.04571143617021277
3 0.849140625 0.7936544215425532 0.0546875 0.05090591755319149
0 0.56447265625 0.6528839760638298 0.1435546875 0.0789561170212766
