3 0.1444860980943455 0.3988439306358382 0.06638550452983444 0.06240147136100886
3 0.14741487035301468 0.48177220178665264 0.025382692908466117 0.03120073568050451
3 0.0951850984067479 0.5170782974251183 0.018548890971571388 0.02627430373095114
3 0.1903701968134958 0.5022990015764582 0.02343017806935331 0.06897004729374666
3 0.21672914714151828 0.48177220178665264 0.013667603873789463 0.024632159747766707
3 0.23674242424242423 0.5417104571728849 0.018548890971571412 0.02627430373095114
3 0.10006638550452983 0.7773581187598528 0.1220321774445486 0.054190751445086706
3 0.10153077163386443 0.8455070940620074 0.10153077163386443 0.07225433526011561
3 0.15961808809746955 0.9087296374146084 0.03026398000624804 0.03120073568050451
3 0.044907841299593874 0.664050183920126 0.021477663230240543 0.03120073568050443
3 0.2504100281162137 0.7108512874408829 0.014643861293345843 0.01642143983184447
3 0.2645657606997813 0.7494416710457174 0.025382692908466117 0.031200735680504348
3 0.3343681661980631 0.7502627430373096 0.09469696969696971 0.049264319495533414
3 0.23234926585442048 0.7855688386757751 0.02343017806935331 0.05090646347871784
3 0.27188769134645424 0.8471492380451918 0.03807403936269915 0.029558591697320082
3 0.2303967510153077 0.8709603258013663 0.025382692908466092 0.02791644771413565
3 0.3929436113714464 0.8783499737256962 0.05564667291471413 0.04598003152916455
3 0.4061230865354577 0.9735943247503941 0.035145267104030015 0.036127167630057806
3 0.27464073726960325 0.9806227009984234 0.01429240862230552 0.027193904361534495
0 0.4310176507341456 0.13281660535995796 0.0790768509840675 0.10509721492380453
0 0.7746602624179945 0.12953231739358909 0.1103170884098719 0.12151865475564898
0 0.6599500156201188 0.4341500262743037 0.6345673227116526 0.40889385181292703
