0 0.6971905645375033 0.5764462809917356 0.1961304002120329 0.23760330578512392
0 0.579247283328916 0.733987603305785 0.03710575139146566 0.09400826446280994
0 0.4593161940100715 0.40805785123966937 0.2478134110787172 0.2727272727272727
0 0.38079777365491646 0.7381198347107437 0.10402862443678768 0.100206611570248
0 0.10714285714285714 0.4504132231404958 0.1729393055923668 0.21694214876033055
1 0.41061489530877276 0.1327479338842975 0.7865094089583885 0.25516528925619836
1 0.7906175457195865 0.36311983471074377 0.2690166975881262 0.15805785123966942
1 0.893320964749536 0.3336776859504132 0.16300026504108128 0.45247933884297514
1 0.2661675059634243 0.3522727272727273 0.10402862443678768 0.16735537190082644
0 0.2761065465147097 0.44628099173553715 0.04969520275642725 0.06818181818181818
0 0.08063874900609594 0.693698347107438 0.10270341902994962 0.1911157024793388
