0 0.41291666666666665 0.15894123606889562 0.09523809523809518 0.09751773049645389
0 0.6319642857142856 0.13234549138804458 0.1785714285714286 0.12284701114488346
0 0.7397023809523808 0.24696048632218845 0.07023809523809518 0.08358662613981764
0 0.6563690476190476 0.2741894630192503 0.05357142857142861 0.13044579533941236
0 0.5855357142857143 0.2703900709219858 0.04047619047619051 0.10258358662613981
0 0.4248214285714285 0.36347517730496454 0.0380952380952381 0.07598784194528871
0 0.5200595238095238 0.3723404255319149 0.05238095238095241 0.07852077001013173
0 0.5897023809523809 0.40400202634245186 0.032142857142857084 0.0658561296859169
0 0.6694642857142857 0.41413373860182373 0.03452380952380963 0.07092198581560281
1 0.4891071428571428 0.04305977710233029 0.5285714285714286 0.08105369807497467
1 0.5045833333333333 0.17730496453900707 0.09523809523809518 0.13677811550151978
1 0.30934523809523806 0.1614741641337386 0.12142857142857146 0.14311043566362716
3 0.126484375 0.7998877992021277 0.142578125 0.048828125
3 0.3852734375 0.9011801861702128 0.10546875 0.041555851063829786
3 0.8520703125 0.8009266954787234 0.05078125 0.04467253989361702
