0 0.4852770885028949 0.39876358808397644 0.15991177281499858 0.13484358144552316
0 0.523876481940998 0.5605758858186043 0.04273504273504278 0.049788399302962416
0 0.4246208988144472 0.6611899427433408 0.059277639922801224 0.03941581611484525
1 0.49182519988971596 0.20272176582856194 0.1509511993382961 0.2613890963405527
3 0.8019988971601875 0.6067338810057257 0.046181417149159035 0.06742179072276154
3 0.8095809208712433 0.7903286034353996 0.03239591949269364 0.05082565762177412
3 0.888502894954508 0.7898099742759936 0.015164047422111922 0.0311177495643515
3 0.934684312103667 0.8027757032611402 0.026192445547284265 0.03422952452078662
3 0.9701819685690652 0.8048502198987636 0.01447477253928866 0.03630404115841004
3 0.4415081334436173 0.729648991784914 0.022746071133167945 0.0311177495643515
3 0.3129583677970775 0.9573271927640858 0.013785497656465395 0.030080491245539884
3 0.0775709953129308 0.7903286034353996 0.026881720430107527 0.04875114098415062
3 0.08515301902398675 0.7363911708571903 0.018610421836228287 0.042527591071280374
3 0.18957816377171213 0.7882540867977761 0.026192445547284265 0.03008049124553979
3 0.29124620898814446 0.795514895029458 0.02963881996140058 0.04667662434652729
3 0.3301902398676592 0.7877354576383703 0.024813895781637674 0.053937432578209245
3 0.2819409980700303 0.7389843166542196 0.02067824648469809 0.02281968301385775
3 0.032423490488006614 0.35260559289685506 0.06065618968844774 0.11928470666334746
