0 0.032463914915168396 0.7899904105210284 0.06280070904026337 0.14003683577636725
0 0.05879969612560142 0.5487312967106565 0.11344644213724993 0.11720474298674216
0 0.05525449480881235 0.1590635797677215 0.10230438085591288 0.10198334779365878
0 0.12514560648265383 0.2306041371752135 0.02532286654849328 0.04109776702132516
0 0.25378576854899976 0.3303042756899098 0.07394277032160042 0.045664185579250206
0 0.3606482653836414 0.20624990486628003 0.08913649025069643 0.06240772029164194
0 0.5211952393010888 0.22375450933832594 0.09825272220815402 0.07915125500403368
0 0.6027348695872373 0.2701797646772303 0.034439098505950845 0.050230604137175214
0 0.4999240314003546 0.33715390352679725 0.04963281843504691 0.06849627836887524
0 0.5834894910103824 0.3295432059302556 0.10939478348949096 0.05327488317579188
0 0.5039756900481135 0.470341111466277 0.04152950113952908 0.0608855807723336
0 0.7025069637883009 0.3500920894409182 0.12661433274246653 0.06392985981095024
0 0.580957204355533 0.5395984595948065 0.0921752342365156 0.03805348798270852
0 0.6918713598379337 0.5007839018524438 0.13370473537604458 0.09437265019711708
0 0.9177513294504939 0.37064097295158077 0.06482653836414287 0.053274883175791925
0 0.7860724233983287 0.3736852519901974 0.03038743985819193 0.04109776702132519
0 0.8048113446442138 0.3379149732864515 0.04963281843504691 0.0304427903861668
