0 0.07267570984385142 0.6302648785086519 0.10022664889921526 0.06234224371255663
0 0.21333470006036376 0.5869294164157771 0.17197981799751713 0.15509533801660436
0 0.46048450473229235 0.6530730164522701 0.030751358184986474 0.025849223002767357
0 0.4804159405929317 0.4614846577258766 0.0341681757610962 0.04713681841681112
0 0.5851983462602931 0.6621962716297175 0.07289210829033842 0.03193139312106568
0 0.7025090830400564 0.6850044095733357 0.038723932529242215 0.050177903475960205
0 0.7258573364768055 0.5025393060243895 0.021639844648694225 0.03801356323936378
0 0.3631052038131684 0.3504850530669342 0.08655937859477679 0.0593011586534075
0 0.7406635459732804 0.35124532433172156 0.1036434664753249 0.08515038165617493
0 0.8927119281101582 0.3953410576893836 0.16628512203733434 0.12164340236596417
0 0.8653773875012812 0.6363470486269501 0.23689935194359965 0.2113554116108628
