0 0.28959865196078427 0.6930912990196078 0.11106004901960781 0.11488970588235288
0 0.4849111519607843 0.607562295751634 0.13978247549019607 0.18637663398692803
0 0.5284734987745098 0.8041513480392156 0.08520986519607843 0.10723039215686277
0 0.689797794117647 0.7856413398692809 0.11297487745098034 0.1365910947712418
0 0.6251723345588236 0.5833078022875817 0.10435814950980393 0.2119076797385621
0 0.748678768382353 0.5826695261437909 0.07946537990196079 0.24382148692810457
0 0.8621323529411764 0.7192606209150326 0.06127450980392157 0.15190972222222224
0 0.9147901348039216 0.5552236519607843 0.05935968137254899 0.09446486928104576
0 0.9104817708333333 0.6905381944444445 0.03350949754901966 0.07659313725490195
1 0.29722924325980393 0.30569597630718953 0.35813036151960786 0.6113919526143791
