1 0.5277109440267335 0.12516290726817042 0.9022556390977444 0.2105263157894737
1 0.7106683375104427 0.3407017543859649 0.39264828738512947 0.19047619047619047
1 0.15051796157059316 0.4052380952380952 0.10108604845446952 0.28195488721804507
0 0.34684210526315784 0.4547368421052632 0.2531328320802005 0.4135338345864662
0 0.4287134502923976 0.6997243107769424 0.09106098579782787 0.21177944862155385
0 0.22570593149540516 0.7724060150375939 0.18295739348370924 0.17669172932330818
0 0.7298830409356725 0.5424561403508772 0.42773600668337514 0.18295739348370924
0 0.9629657477025898 0.42716791979949875 0.046783625730994094 0.17794486215538843
0 0.666390977443609 0.7053634085213033 0.04845446950710109 0.1604010025062656
0 0.8693984962406014 0.7185213032581452 0.056808688387635836 0.14912280701754374
