0 0.4046920821114369 0.4923893310990085 0.44965786901270766 0.6842619745845552
3 0.6945259042033235 0.6896383186705768 0.04985337243401754 0.04887585532746827
3 0.7644183773216031 0.5578480659125821 0.03519061583577714 0.0401480240189917
3 0.8025415444770283 0.5971233068007261 0.021505376344085978 0.02792906018712468
3 0.824535679374389 0.629416282642089 0.026392961876832904 0.03665689149560116
3 0.8494623655913979 0.6678187403993855 0.023460410557184824 0.03316575897221054
3 0.9037145650048877 0.7324046920821113 0.03812316715542522 0.04014802401899179
3 0.9486803519061584 0.7961178606339897 0.04398826979472138 0.05236698785085873
3 0.03421309872922775 0.409474933668482 0.056695992179863146 0.047130289065772955
3 0.11192570869990225 0.40423823488339616 0.05571847507331377 0.054112554112554126
