0 0.6788856304985337 0.14697371226659353 0.07917888563049856 0.11422827378232657
0 0.6935483870967741 0.2650095951749977 0.06744868035190621 0.08224435712327514
0 0.7052785923753665 0.44853635505193573 0.10068426197458455 0.2543482896219806
0 0.7096774193548386 0.7074537756252094 0.10557184750733138 0.19951871820646383
0 0.6940371456500488 0.9062109720064576 0.06451612903225809 0.1705808888482745
0 0.5694037145650048 0.9001187974047337 0.03812316715542517 0.04873739681379264
0 0.5718475073313782 0.7957903073502085 0.02737047898338212 0.05635261506594774
0 0.5718475073313782 0.39522982728685 0.031280547409579744 0.038076091260775526
0 0.5342130987292277 0.24749459319504094 0.10459433040078196 0.10204392457887845
0 0.5102639296187683 0.017515001979956746 0.04692082111436951 0.03198391665905145
0 0.39345063538611924 0.6868926863443906 0.05376344086021504 0.06092174601724084
0 0.3782991202346041 0.9709403271497762 0.04496578690127075 0.04416826586249954
0 0.261485826001955 0.6495781169088306 0.03030303030303034 0.05939870236680984
1 0.8675464320625611 0.4949891863900819 0.25708699902248294 0.9808401108775776
1 0.3743890518084067 0.3297389503183161 0.21505376344086022 0.6259709403271497
1 0.4794721407624633 0.8376740077370617 0.13978494623655913 0.2985165554844802
