0 0.4716386554621848 0.13832199546485263 0.03865546218487394 0.04648526077097506
0 0.3880252100840337 0.2108843537414966 0.10672268907563028 0.05328798185941044
0 0.4476890756302521 0.4535147392290249 0.052941176470588235 0.10770975056689347
0 0.4985294117647059 0.3939909297052154 0.047058823529411764 0.06575963718820861
0 0.3741596638655462 0.4790249433106576 0.045378151260504165 0.09297052154195007
0 0.3069327731092437 0.5924036281179138 0.0991596638655462 0.1337868480725624
0 0.24054621848739494 0.47335600907029474 0.09579831932773109 0.13605442176870744
0 0.1338235294117647 0.6235827664399093 0.11092436974789918 0.1848072562358276
0 0.19222689075630253 0.8004535147392291 0.04285714285714285 0.06462585034013603
0 0.036344537815126046 0.8497732426303856 0.06218487394957983 0.26984126984126994
