3 0.8936595523165017 0.290161911869983 0.08745445080687152 0.10509801532298597
3 0.7484226965122331 0.7433019054727126 0.023945861530452982 0.02741687356251806
3 0.569869859448204 0.7554871826116095 0.02498698594482047 0.02741687356251816
3 0.3080270692347735 0.5186358582243005 0.030192608016657966 0.03807899105905295
0 0.2570119729307652 0.4310541787884788 0.1238938053097345 0.12185277138896924
0 0.35643935450286307 0.4005909859412365 0.03539823008849553 0.06092638569448465
0 0.4876210307131702 0.4021141455835986 0.037480478917230636 0.06701902426393308
0 0.5495679333680373 0.4021141455835986 0.034357105674128044 0.06397270497920884
3 0.48657990629880266 0.2932082311547073 0.054138469547110886 0.059403226052122476
3 0.8770015616866214 0.630588091937916 0.02082248828735039 0.0304631928472423
3 0.985799062988027 0.6145949156931138 0.019781363872982904 0.022847394635431652
0 0.47668922436231126 0.1393691072761336 0.2217595002602811 0.24522870242030068
0 0.3153149401353461 0.2079112911824288 0.0676730869338886 0.12032961174660713
1 0.14040603852160333 0.18582547636817814 0.273815720978657 0.3564193563127351
3 0.3626861009890681 0.657243385679253 0.16657990629880268 0.08377378032991635
