0 0.6121770423829921 0.7579016986911723 0.17798118484617342 0.08876357560568085
0 0.9324453832462988 0.6935045948203844 0.12223982475698728 0.2001531606794765
0 0.7730446517631873 0.7631230854915064 0.11832815036476357 0.08876357560568085
0 0.8688806743726653 0.127854358117516 0.14570987111032874 0.17578668894458369
0 0.978974750141798 0.2982630186577555 0.03536153650570132 0.10585491506544138
0 0.6811203035459329 0.19486215538847118 0.06356470887363336 0.18100807574491784
0 0.8938175986230905 0.29406850459482037 0.03129339513778867 0.0348092453355611
0 0.5911517925247902 0.20878585352269563 0.06160887167752151 0.16360345307713728
0 0.36525259637387786 0.3897939292676136 0.19264996381701188 0.7135895293790031
0 0.06552054606974517 0.6351991088833194 0.07236597625613644 0.09050403787245896
0 0.15353321989477595 0.3741297688666109 0.16820199886561443 0.3933444722918407
0 0.5398110661268556 0.08521303258145363 0.1153943945705959 0.07658033973823447
