0 0.279315944978183 0.49902530750254454 0.0812021836539026 0.055203822864733396
0 0.6603792044142681 0.3601531906084496 0.6026571702506506 0.3640002070143358
0 0.9123016416537852 0.7621060258422895 0.11642240788933017 0.11558300412303543
0 0.8066409689475023 0.8069591319198854 0.05185199679104625 0.053478703400210464
0 0.6520633181364588 0.7690065037003813 0.13403252000704408 0.16733658805872312
0 0.4935723090770345 0.7353666741421843 0.030328526424951572 0.031052150361412484
0 0.263173342203612 0.836286162816775 0.03522022423542768 0.043127986613072856
0 0.08756139080752147 0.8466368796039124 0.09489893752323557 0.0741801369744855
0 0.3463322049817051 0.836286162816775 0.06848376934666486 0.06727965911639394
0 0.44220948206703575 0.8371487225490364 0.11544406832723506 0.0828057342971
