1 0.7350888324873097 0.1834517766497462 0.13388324873096452 0.3496897913141568
1 0.5282360406091371 0.3927016356457981 0.05393401015228427 0.7027636773829667
1 0.609771573604061 0.41244218838127467 0.031725888324873136 0.5865764241398759
0 0.7220812182741116 0.5602143260011281 0.08121827411167501 0.35420191765369435
0 0.6506979695431473 0.4316187253243091 0.047588832487309676 0.10829103214890015
0 0.6189720812182741 0.0808009024252679 0.05012690355329951 0.06993795826283136
0 0.5739213197969544 0.3368640721940214 0.026015228426395892 0.3880428652002255
0 0.5510786802030456 0.7824365482233503 0.015862944162436533 0.04963338973491267
0 0.6491116751269036 0.20939650310208688 0.03680203045685282 0.04963338973491258
3 0.4362309644670051 0.6425606316976875 0.028553299492385803 0.06768189509306252
3 0.24333756345177665 0.8732430908065425 0.018401015228426375 0.043993231810490745
