0 0.6410507246376811 0.6227349404146487 0.03913043478260865 0.05768079664798389
0 0.598659420289855 0.636883060347173 0.052898550724637707 0.08380040267725969
0 0.7182246376811594 0.6200141481199325 0.03260869565217386 0.03700277520814064
0 0.7562681159420289 0.7299341568264678 0.04637681159420291 0.052239212058551324
0 0.9472101449275361 0.7478913859715948 0.03550724637681166 0.03809109212602707
3 0.581268115942029 0.75714207977363 0.01086956521739135 0.02394297219350281
3 0.5827173913043477 0.8082929749142951 0.007971014492753644 0.021766338357729814
3 0.5939492753623188 0.8654296131033355 0.024637681159420215 0.022854655275616382
3 0.6569927536231883 0.8637971377265059 0.010144927536231876 0.02394297219350267
3 0.3453985507246376 0.5019317625292484 0.08695652173913042 0.10992000870653536
3 0.18054347826086953 0.6096751374000108 0.08478260869565216 0.044620993633346054
3 0.2682246376811594 0.5416553300321053 0.021014492753623226 0.04353267671545949
3 0.10373188405797099 0.6630026663764487 0.08768115942028984 0.05768079664798389
1 0.4580797101449275 0.3343309571747292 0.2123188405797101 0.2731675463895086
1 0.5975724637681158 0.5013876040703052 0.2507246376811594 0.16760080535451924
1 0.816050724637681 0.6445012787723784 0.0876811594202899 0.10121347336344337
