0 0.42329719645675973 0.39064190797731896 0.4318161063493927 0.7509847205990564
1 0.6281163163868342 0.6021945201921829 0.15915880656986675 0.23698221010258416
1 0.668884453315591 0.150413366229494 0.38158976165316427 0.2726918582002337
1 0.7076957196717676 0.3787386919447691 0.13045803817202195 0.17313768774618016
0 0.7112833157214982 0.7423278362117474 0.07370879156719251 0.05194130632385405
3 0.657143229880109 0.8683937151019347 0.06066298774999018 0.159070250616803
3 0.4281893728882105 0.8743453231182099 0.16502941828760784 0.14283859239059868
3 0.8583747537604529 0.8023849716487036 0.06001069755913006 0.07033718564688565
3 0.05410094842993751 0.5859628619659784 0.04305115259676725 0.05951608016274947
3 0.1473784457229332 0.8873306496991732 0.2883122643601686 0.08656884387309005
