0 0.12928385416666668 0.7935267857142857 0.15559895833333337 0.10788690476190477
0 0.25233072916666666 0.5343501984126985 0.09309895833333336 0.10292658730158735
0 0.5449739583333334 0.6788194444444445 0.08723958333333329 0.13888888888888898
0 0.4216015625 0.7550843253968255 0.041015625 0.053323412698412787
0 0.6966666666666668 0.7854662698412699 0.061197916666666574 0.05952380952380952
0 0.35161458333333334 0.43142361111111116 0.03645833333333329 0.05084325396825395
1 0.1631380208333333 0.1871279761904762 0.3196614583333333 0.37078373015873023
1 0.113984375 0.5405505952380952 0.1796875 0.31374007936507936
1 0.3079947916666667 0.7240823412698414 0.19921875000000003 0.27157738095238093
1 0.4915885416666667 0.19642857142857142 0.34765625 0.3869047619047619
1 0.5335807291666668 0.5808531746031746 0.29752604166666663 0.3571428571428572
1 0.778046875 0.6645585317460319 0.1627604166666667 0.2641369047619048
