0 0.42163265306122455 0.33578231292517 0.16326530612244905 0.41795918367346935
0 0.3877551020408163 0.8076190476190477 0.07918367346938772 0.1360544217687075
0 0.40530612244897957 0.5768707482993197 0.044081632653061156 0.05333333333333339
0 0.47020408163265304 0.8930612244897959 0.02857142857142857 0.04353741496598639
0 0.39632653061224493 0.710204081632653 0.02612244897959186 0.05442176870748299
0 0.3493877551020408 0.5986394557823129 0.02367346938775509 0.04897959183673469
0 0.3518367346938775 0.6927891156462584 0.0416326530612245 0.09142857142857133
3 0.28489795918367344 0.211156462585034 0.053061224489795916 0.0729251700680272
3 0.11142857142857142 0.24326530612244898 0.024489795918367346 0.07183673469387752
3 0.057551020408163255 0.22476190476190475 0.009795918367346933 0.02612244897959186
