0 0.26379251700680273 0.6431828050369084 0.11139455782312926 0.11398176291793309
0 0.11455782312925171 0.6589231437255754 0.06292517006802721 0.041250542770299665
0 0.054183673469387766 0.5389709075119409 0.09863945578231292 0.05536257056013888
0 0.21702380952380954 0.5503690838037343 0.11649659863945581 0.045592705167173286
0 0.35775510204081634 0.5476552323056882 0.030612244897959138 0.024967433782023454
0 0.41132653061224494 0.5536257056013895 0.02210884353741496 0.01085540599218406
0 0.6247619047619049 0.6486105080330005 0.056122448979591864 0.03799392097264433
0 0.8190646258503401 0.5823925314806774 0.0433673469387755 0.08575770733825448
1 0.6064795918367347 0.8293530178028659 0.2219387755102041 0.1150673035171515
1 0.16472789115646258 0.9292227529309596 0.09693877551020406 0.0651324359531046
1 0.03814625850340136 0.870755536257056 0.07629251700680272 0.06917064698219713
1 0.12178571428571429 0.36528441163699527 0.15731292517006804 0.23122014763352147
1 0.5482312925170069 0.36039947894051244 0.10714285714285712 0.17368649587494572
1 0.5397278911564626 0.5986756404689536 0.08333333333333333 0.13569257490230133
1 0.7285034013605443 0.660551454624403 0.059523809523809444 0.04884932696482851
1 0.07799319727891157 0.10638297872340426 0.13095238095238096 0.1628310898827616
