0 0.29714960629921255 0.3568252315567992 0.1448818897637795 0.3448949046658424
3 0.49006299212598425 0.08513915099455543 0.10708661417322833 0.15509424958243856
3 0.4632913385826771 0.3053079108913039 0.1669291338582677 0.08785058892431834
3 0.5951811023622047 0.2657209171167654 0.05118110236220468 0.09327346478384418
3 0.6609291338582677 0.33567601570464844 0.04566929133858264 0.10303464133099063
3 0.4436062992125984 0.4229843170430142 0.08031496062992119 0.08676601375241318
3 0.37510236220472437 0.3660441205179931 0.047244094488188976 0.057482484110973696
3 0.3743149606299213 0.4538947094423114 0.05826771653543307 0.03796013101668075
3 0.5077795275590551 0.4229843170430142 0.054330708661417364 0.04772130756382728
3 0.4581732283464567 0.720700201730982 0.05748031496062993 0.04012928136049113
3 0.5093543307086614 0.645322227283573 0.08110236220472439 0.04989045790763759
3 0.5010866141732283 0.750526018958374 0.05826771653543301 0.052059608251447814
3 0.0251023622047244 0.43437235634801846 0.04488188976377953 0.09435803995574933
3 0.021803149606299213 0.3110236220472441 0.043606299212598426 0.06557341489338626
3 0.02298425196850394 0.2233140278952734 0.04596850393700788 0.06095312466107026
3 0.05738582677165354 0.2581288909134292 0.018110236220472416 0.0390447061885859
3 0.05069291338582677 0.585670592828789 0.06456692913385828 0.04338300687620659
3 0.8073858267716536 0.24565627643651983 0.12598425196850394 0.09435803995574933
3 0.8565984251968504 0.32537255157154943 0.0606299212598426 0.03904470618858594
3 0.7967559055118111 0.4099694149801522 0.1094488188976378 0.07375111168955127
3 0.8010866141732284 0.6214615735016593 0.06141732283464557 0.041213856532396204
3 0.7770708661417323 0.7288345155202707 0.09527559055118104 0.08025856272098211
3 0.8510866141732283 0.8812173271729464 0.2700787401574803 0.2071538578338865
3 0.7613228346456693 0.0553133337671634 0.11102362204724409 0.10845751719051645
