0 0.324831256490135 0.7953703703703704 0.09929906542056074 0.08796296296296285
3 0.15316718587746628 0.4359953703703704 0.08956386292834892 0.16319444444444442
3 0.4400311526479751 0.4672453703703704 0.03894080996884737 0.06597222222222228
3 0.7346832814122534 0.4377314814814815 0.05062305295950152 0.0856481481481482
3 0.7288421599169262 0.6755787037037038 0.022066458982346916 0.07523148148148152
3 0.6207814122533748 0.6564814814814816 0.020119418483904406 0.06018518518518514
3 0.6240264797507789 0.42731481481481487 0.009735202492211908 0.04629629629629629
3 0.6804906542056075 0.6958333333333333 0.07853063343717553 0.25
3 0.28556593977154726 0.6315972222222223 0.062305295950155784 0.040509259259259335
3 0.2638239875389408 0.8237268518518519 0.027907580477673912 0.02430555555555562
3 0.2768042575285566 0.688888888888889 0.048676012461059175 0.02777777777777781
3 0.3037383177570093 0.7212962962962964 0.015576323987538958 0.02546296296296295
