0 0.20120724346076463 0.2750614114132649 0.1272149023171286 0.37155448025576776
0 0.3728824560264815 0.28987421461283036 0.1343545141818654 0.40858648825468147
0 0.5789576166677485 0.3762822332769624 0.3128448108002856 0.18145683919467726
0 0.7775686376322452 0.4497290491414746 0.04543389368468882 0.10368962239695843
0 0.6841046277665996 0.5145350631395736 0.09606023236191341 0.08270481786424061
0 0.5692217823067438 0.545395069805335 0.08956967612124354 0.06295441359815337
0 0.5169728045693517 0.6817962992680007 0.14473940416693717 0.027156805865870066
0 0.6428895956383464 0.6892027008677835 0.038294281819951946 0.02962560639913098
0 0.3939767638086584 0.7058671044672946 0.04153955994028693 0.04320400933206606
0 0.1947166872200948 0.6922887015343596 0.05192444992535862 0.06048561306489246
1 0.4715389108846628 0.07323696781918507 0.409554098786266 0.10122082186369752
1 0.5663010319984423 0.2047005962153288 0.20315441033296555 0.1073928231968498
