0 0.25613043478260866 0.6291636790300501 0.023913043478260874 0.03585163939769247
0 0.39598550724637677 0.6373117788931622 0.028260869565217377 0.0564934923842426
0 0.5086666666666666 0.6329661256328356 0.06666666666666675 0.07387610542554807
0 0.667 0.6747930382634769 0.04420289855072462 0.03802446602785561
0 0.7655507246376811 0.6568672185646306 0.06594202898550725 0.039110879342937305
1 0.7090289855072462 0.4689177150555157 0.11521739130434787 0.31940551463398736
1 0.6376521739130435 0.5248680007822176 0.06956521739130438 0.21619624970123633
1 0.5112028985507245 0.46783130174043414 0.05289855072463763 0.2042457032353389
3 0.08946376811594202 0.8133107359363797 0.02536231884057972 0.026073919561958203
3 0.339463768115942 0.7687677900180343 0.013768115942028999 0.03476522608261085
3 0.55431884057971 0.7720270299632791 0.026086956521739126 0.04128370597310036
3 0.7416376811594203 0.72476805075723 0.02971014492753625 0.05975273232948744
3 0.5691739130434782 0.8714338482932446 0.11521739130434787 0.06192555895965067
3 0.8597536231884058 0.8529648219368576 0.04710144927536237 0.06409838558981372
