0 0.28363777943609875 0.23065927401888592 0.09409169073034619 0.2187472927315256
0 0.5079166801855878 0.31296023564064807 0.11923688394276627 0.12778307199168332
0 0.46533207877745697 0.49055704756129265 0.061646280133675145 0.05197955470848137
0 0.5719963661140132 0.5008446677640128 0.09976963758476357 0.08554968379104219
0 0.682310762142695 0.48405960322273245 0.0819246617565945 0.11911981287360303
0 0.8068200253074204 0.5176297323052933 0.05515719801434084 0.0866325911808022
1 0.4933162454170858 0.1326561552456034 0.46478050679731353 0.24365416269600623
3 0.7910028876415431 0.7721129688988998 0.3690665455371339 0.24690288486528625
3 0.8145258103241296 0.6004721476219353 0.0689464975179261 0.055228276877761454
3 0.7342234190973688 0.40392445638049035 0.1857499756659421 0.08013514684224202
3 0.06665909607086079 0.6957679979208178 0.12572596606210054 0.15485575673568394
