0 0.37352798053527975 0.59022287682211 0.14598540145985403 0.1559487968117135
0 0.3994809407948094 0.7353418960774545 0.055150040551500426 0.06281270982694014
0 0.7251094890510948 0.5100825229049795 0.28304947283049464 0.2100976845935585
3 0.3889375506893754 0.18573068509172821 0.05839416058394155 0.05956377656002944
3 0.2680940794809408 0.21822001776083516 0.1346309813463098 0.04873399900366047
3 0.10183292781832926 0.27940826095432 0.07948094079480938 0.1299573306764279
3 0.08155717761557175 0.4028677250969265 0.0924574209245742 0.07580844289458291
3 0.1857745336577453 0.3362645931252572 0.04785077047850772 0.05089995451493426
3 0.16225466342254663 0.39691134744092355 0.02027575020275751 0.0422361324698391
3 0.04789943227899431 0.6037600987675713 0.04298459042984591 0.03140635491347007
3 0.1452230332522303 0.5972622322337499 0.054339010543390125 0.03140635491347007
3 0.39866991078669906 0.3562996816045398 0.06488240064882399 0.03465528818038075
3 0.4870721816707218 0.3725443479390933 0.13138686131386856 0.0693105763607615
3 0.47328467153284665 0.5414888778184496 0.1330089213300892 0.038987199202928376
3 0.5268126520681264 0.7754120730360198 0.07299270072992702 0.0671446208494878
3 0.9457096512570964 0.7196387186207195 0.06893755068937543 0.040070176958565226
3 0.952603406326034 0.31189759362342695 0.08434712084347122 0.08230630942840433
