0 0.7849157955865274 0.5794037940379404 0.1277584204413473 0.10081300813008132
0 0.7370063879210222 0.6574525745257453 0.03193960511033687 0.024932249322493286
0 0.8226626016260163 0.6666666666666666 0.09001161440185831 0.03685636856368559
3 0.8255662020905925 0.42710027100271003 0.09291521486643446 0.0867208672086721
3 0.36970092915214875 0.4352303523035231 0.30487804878048796 0.06612466124661245
3 0.5032665505226481 0.7208672086720869 0.19163763066202086 0.09972899728997289
3 0.73119918699187 0.7376693766937671 0.0667828106852497 0.0574525745257453
3 0.032157375145180085 0.6655826558265584 0.04210220673635311 0.17777777777777778
3 0.19621080139372826 0.5956639566395664 0.027584204413472656 0.04227642276422759
3 0.1976626016260164 0.6542005420054201 0.08275261324041813 0.03143631436314359
1 0.6339285714285715 0.5555555555555556 0.16840882694541226 0.16802168021680214
