0 0.07965604954656046 0.691017316017316 0.0705043132050431 0.05086580086580089
0 0.24831342623313424 0.7180735930735931 0.15898031408980315 0.12229437229437223
0 0.39070449015704484 0.7732683982683982 0.08432868834328675 0.0681818181818182
0 0.5116677726166777 0.8127705627705627 0.0746516257465164 0.06926406926406928
0 0.5911579296615793 0.8544372294372293 0.05667993806679949 0.08333333333333338
0 0.6519851802698517 0.928030303030303 0.059444813094448004 0.0725108225108225
0 0.4425458969254589 0.9453463203463204 0.03594337535943384 0.02489177489177483
1 0.4784892722848926 0.5995670995670995 0.2211900022119 0.3008658008658009
1 0.6734129617341296 0.7765151515151515 0.13271400132714006 0.07467532467532464
1 0.8213337757133377 0.8181818181818182 0.10783012607830132 0.11471861471861482
1 0.22826808228268083 0.32196969696969696 0.3704932537049326 0.6071428571428571
1 0.5296394602963945 0.1304112554112554 0.1575978765759788 0.23701298701298698
1 0.804053306790533 0.15313852813852813 0.28892944038929447 0.24783549783549785
3 0.8005972130059721 0.9042207792207793 0.2322495023224952 0.09199134199134197
