0 0.30325055521905914 0.6952846588439809 0.03893744051224369 0.0423728813559322
0 0.29748204551354157 0.7642764015645371 0.04759020507051998 0.03911342894393745
0 0.3677857575495371 0.6990873533246414 0.036774249372674615 0.056497175141243
0 0.37932277696057226 0.7767709691438506 0.03677424937267455 0.05758365927857449
0 0.4337630873063944 0.7050630160799651 0.047590205070520045 0.08583224684919609
0 0.5184880736061839 0.7061495002172967 0.029563612240777647 0.03802694480660577
0 0.5938392316345072 0.7468926553672316 0.031726803380346655 0.1064754454584963
1 0.18319344697297454 0.33511516731855717 0.3251997346485535 0.641025641025641
1 0.4925297799313547 0.18572359843546282 0.20117677597992562 0.28791829639287264
1 0.5902339130685588 0.4399608865710561 0.2249718785151856 0.3226857887874837
1 0.7975397306105968 0.193328987396784 0.2141559228173401 0.31616688396349407
1 0.875414611635084 0.39487179487179486 0.2256929422283753 0.2998696219035202
1 0.9395892821089672 0.6512820512820513 0.09157509157509164 0.13255106475445463
3 0.16264313114706816 0.9348544111255975 0.3201522886562257 0.11082138200782284
3 0.6252055031582591 0.9261625380269448 0.4102852528049379 0.12603215993046513
3 0.9308355686308443 0.9035202086049544 0.13607914395315973 0.12855280312907436
