0 0.06191304347826085 0.13984782608695653 0.08260869565217394 0.09021739130434783
0 0.1956086956521739 0.1213695652173913 0.09130434782608694 0.12282608695652172
0 0.3570217391304348 0.10506521739130434 0.1467391304347825 0.15543478260869562
0 0.7423478260869565 0.12680434782608696 0.40217391304347816 0.1532608695652174
0 0.16626086956521738 0.3447391304347826 0.2956521739130435 0.1891304347826087
0 0.4771304347826087 0.3387608695652174 0.2782608695652174 0.20760869565217388
0 0.4385434782608695 0.6958260869565217 0.433695652173913 0.4195652173913043
0 0.7798478260869565 0.823 0.3880434782608695 0.3239130434782609
3 0.12278260869565216 0.8387608695652173 0.22608695652173919 0.2684782608695652
3 0.7869130434782607 0.3702826086956521 0.326086956521739 0.17065217391304344
