0 0.06603746397694524 0.6803752898095382 0.05331412103746398 0.07583801001061738
0 0.08512968299711815 0.7686724014647569 0.028097982708933725 0.07042100929557332
0 0.242550432276657 0.7562132998201556 0.05619596541786745 0.11050681458689955
0 0.38880403458213253 0.673333188879981 0.04466858789625355 0.05958700786548501
0 0.5375792507204611 0.676041689237503 0.0641210374639769 0.08017161058265267
0 0.6517723342939482 0.5590344737925504 0.1469740634005764 0.21451322831574618
3 0.9457204610951007 0.6142878810860003 0.038904899135446695 0.0780048102966349
3 0.9907492795389049 0.36077224762193666 0.012247838616714688 0.03900240514831745
3 0.7151729106628241 0.777881302680332 0.036023054755043235 0.17551082316742872
3 0.6903170028818443 0.7323784966739615 0.012247838616714688 0.06500400858052906
3 0.7901008645533141 0.7361703971744924 0.031700288184437965 0.016251002145132264
