0 0.08013937282229965 0.41638276932394575 0.15030402404864385 0.38285584504071896
0 0.20960579353692696 0.33743227020537947 0.04850720776115324 0.11247742340179313
0 0.721322675411628 0.41205671457772297 0.051240008198401236 0.0865210949244563
0 0.876750700280112 0.2665931237359809 0.2363872378219581 0.5266971653526274
1 0.2396665983466557 0.15736024139385482 0.4351984696317552 0.29525323642970697
1 0.9614675138348021 0.08165428333495559 0.0587552094008335 0.09192866335723478
1 0.7486506797841087 0.11247742340179315 0.05670560907289749 0.10166228653623612
3 0.5829746532759444 0.7413776321339346 0.07788481246157006 0.21738425099769632
3 0.5054314408690305 0.962006424191298 0.045774407323905184 0.05948325276056353
3 0.563845050215208 0.922531174632015 0.031427205028352764 0.13410769713290718
