0 0.343089430894309 0.5138211382113821 0.3349593495934959 0.4682926829268293
3 0.6849593495934959 0.5821138211382114 0.05447154471544706 0.10189701897018968
3 0.791869918699187 0.6075880758807588 0.06991869918699194 0.06612466124661248
3 0.8983739837398373 0.7452574525745257 0.15609756097560967 0.10298102981029811
3 0.7146341463414635 0.7479674796747967 0.06504065040650407 0.07588075880758807
3 0.53130081300813 0.7046070460704607 0.028455284552845527 0.0455284552845528
3 0.6024390243902439 0.746341463414634 0.02601626016260165 0.02926829268292686
3 0.4634146341463415 0.7967479674796748 0.03414634146341454 0.030352303523035355
3 0.30040650406504066 0.8108401084010841 0.04796747967479674 0.03468834688346886
3 0.31097560975609756 0.711111111111111 0.10487804878048786 0.056368563685636884
3 0.23536585365853657 0.7154471544715447 0.04634146341463411 0.04769647696476971
3 0.19390243902439025 0.5636856368563685 0.028455284552845527 0.03468834688346886
3 0.038211382113821135 0.7501355013550134 0.04878048780487805 0.052032520325203224
3 0.09308943089430893 0.7691056910569104 0.04146341463414635 0.04661246612466122
3 0.17032520325203251 0.8184281842818428 0.03983739837398373 0.028184281842818366
3 0.23373983739837398 0.813550135501355 0.028455284552845527 0.031436314363143696
