0 0.6805842911877394 0.22224776500638568 0.14080459770114942 0.07790549169859516
0 0.8304885057471264 0.24332056194125162 0.08620689655172423 0.06385696040868453
3 0.5776149425287357 0.5415325670498083 0.07471264367816095 0.07535121328224774
3 0.6705268199233717 0.5511111111111111 0.055555555555555525 0.06130268199233721
3 0.2347030651340996 0.5728224776500638 0.059386973180076644 0.04597701149425291
3 0.3884386973180077 0.5300383141762453 0.043103448275862016 0.03192848020434225
3 0.5096072796934866 0.6622222222222223 0.03639846743295019 0.0638569604086845
3 0.6058716475095784 0.6698850574712644 0.05076628352490417 0.0638569604086845
3 0.6762739463601533 0.6692464878671776 0.04406130268199235 0.06002554278416356
3 0.20836206896551726 0.6494508301404853 0.04118773946360155 0.043422733077905555
