0 0.17530214424951265 0.0635605406960023 0.03573749187784276 0.05152909596395361
0 0.23833008447043535 0.12287891860799541 0.02664067576348278 0.062314255584315976
0 0.27471734892787525 0.17620554117534273 0.029239766081871323 0.03954558527466208
0 0.30363222871994805 0.20077173808839038 0.01819363222871996 0.0263637235164414
0 0.3481416504223522 0.2618876426037772 0.05003248862897989 0.09107468123861563
0 0.3971994801819363 0.31042086089540794 0.015594541910331385 0.03235547886108713
0 0.4244899285250162 0.32719777586041604 0.024691358024691364 0.029958776723228817
0 0.4543794671864848 0.3715367654107948 0.020792722547108535 0.0419422874125204
0 0.48686809616634175 0.4032930687374174 0.027290448343079875 0.04793404275716616
0 0.5044119558154646 0.4608139200460167 0.020792722547108535 0.04314063848144947
0 0.5265042235217674 0.5596778832326719 0.03638726445743992 0.13062026651327782
0 0.4741975308641976 0.6225913143514524 0.055230669265756975 0.03355382993001632
0 0.34749187784275504 0.6207937877480587 0.0747238466536712 0.0419422874125204
0 0.40142300194931774 0.6573434953503978 0.04223521767381416 0.04314063848144947
0 0.6106497725795972 0.6896989742114851 0.05782975958414555 0.04074393634359121
0 0.6811500974658868 0.7268478573482888 0.020792722547108473 0.023967021378583052
3 0.24092917478882392 0.5746572715942863 0.03573749187784276 0.08867797910075731
3 0.6649057829759585 0.6040168727830506 0.06757634827810269 0.27921579906049276
3 0.7289083820662767 0.6219921388169878 0.0630279402209227 0.28880260761192594
