0 0.24343434343434342 0.4775999653048833 0.2092352092352092 0.1181802411310608
0 0.4966810966810967 0.5003686356145373 0.2510822510822511 0.10950646196547831
0 0.6637085137085137 0.5160898603521554 0.051226551226551155 0.08456934686442887
0 0.7556998556998556 0.42176251192644637 0.06349206349206342 0.16046491456327522
0 0.8924242424242425 0.46621563015005635 0.11616161616161631 0.2602133749674733
1 0.8834054834054834 0.2634660421545667 0.15873015873015872 0.12143290831815422
1 0.7466810966810966 0.28189782288142945 0.07142857142857141 0.07372712290745079
3 0.8682539682539683 0.6624598837713592 0.08369408369408368 0.06071645415907713
3 0.5374458874458874 0.6331858790875184 0.17099567099567098 0.08890623644722002
3 0.21421356421356424 0.6066224303929222 0.21284271284271283 0.0899904588429179
