1 0.23066926575698504 0.6312827095882295 0.0493827160493827 0.0844826262027802
1 0.27257959714100066 0.7152167473091735 0.05133203378817414 0.1009402806578674
1 0.3489278752436647 0.679009907507982 0.04158544509421707 0.0811910953117629
1 0.5558804418453541 0.5714865650680798 0.13060428849902533 0.1228838199313167
1 0.7855750487329435 0.3641201189339829 0.0701754385964912 0.1075233424399021
1 0.3671215074723846 0.25714536497591695 0.028589993502274196 0.0427899015832264
3 0.9382716049382717 0.2560481880122445 0.09876543209876545 0.08667698013012523
3 0.8830409356725146 0.6680381378712572 0.06237816764132554 0.1228838199313167
3 0.5555555555555556 0.7470348792556752 0.1156595191682911 0.1097176963672471
3 0.3599740090968161 0.7821445420931942 0.033788174139051344 0.0811910953117628
3 0.3190383365821962 0.9061255389881835 0.03898635477582849 0.0482757864015887
3 0.15009746588693956 0.8918622384604413 0.048083170890188424 0.05047014032893359
