0 0.5427475284048989 0.6945045903343149 0.08263243323004282 0.1461545123852417
0 0.3413309724066696 0.6382080374155551 0.04869411243913235 0.12017148796119863
0 0.20262653091338348 0.4341330330850511 0.076730116570754 0.1364108782262255
0 0.30296591412129253 0.8991209076736532 0.051645270768776765 0.12883249610254635
0 0.3276818651320643 0.7702884115711067 0.0405784270326103 0.06820543911311275
1 0.08236682898037478 0.5970682487441538 0.13427770399881953 0.46661181361510473
1 0.19229747675962813 0.15048501645591547 0.09148590821897594 0.16239390265026846
3 0.585908218975948 0.23547115884288927 0.036151689538143655 0.08119695132513423
3 0.6172642762284196 0.36701021998960676 0.04131621661502141 0.16022865061493158
3 0.6899365500959126 0.34806426468040874 0.06713885199940976 0.1764680408799584
3 0.7076435000737789 0.20028581326866443 0.04205400619743248 0.1190888619435302
3 0.7496975062712113 0.30800710202667586 0.07156558949387624 0.17213753680928462
3 0.8552014165559982 0.28581326866447254 0.07451674782352082 0.20136843928633288
3 0.7913826176774383 0.2565823661874242 0.04131621661502141 0.1688896587562792
3 0.9404161133244797 0.25387580114325303 0.09001032905415388 0.2197730815866967
3 0.7803157739412718 0.09797765459899531 0.03246274162608824 0.11151047981985102
3 0.8762284196547144 0.053589987874588595 0.04131621661502141 0.08119695132513423
3 0.8511435738527372 0.8877533344881343 0.18739855393241847 0.15589814654425777
