0 0.3745938921377518 0.2769887682168384 0.12150747238466532 0.10790866054023951
0 0.32910981156595187 0.43130975587115944 0.059129304743339856 0.1334354404529843
0 0.3092917478882391 0.5397985705003249 0.05068226120857697 0.05801540889260183
0 0.36484730344379473 0.5276153346328785 0.02144249512670565 0.03829016986911723
1 0.5077972709551657 0.13659147869674187 0.17348927875243667 0.23090132739255548
3 0.08966861598440545 0.39476004826882016 0.10006497725795971 0.11371020142949965
3 0.07342430149447693 0.5009282465422816 0.07537361923326837 0.07774064791608652
3 0.17283950617283952 0.5049893251647637 0.04158544509421702 0.06729787431541814
3 0.17576348278102666 0.4144852872923049 0.05782975958414556 0.06729787431541823
3 0.2524366471734893 0.3924394319131161 0.08641975308641978 0.09282465422816302
3 0.10656270305393112 0.18938550078900956 0.03378817413905133 0.05105355982548966
3 0.9762833008447043 0.5206534855657663 0.02923976608187123 0.07309941520467841
3 0.7602339181286549 0.35240879977722084 0.037686809616634113 0.05685510071474985
