0 0.06754626951995372 0.5269670360682073 0.13013302486986697 0.12482226395024468
0 0.36974407171775586 0.6197696757877369 0.373048004626952 0.17800740250295774
0 0.7511061307113938 0.6800099857811159 0.3506362058993639 0.1790928134938294
0 0.958596009253904 0.7136577264981384 0.055668016194331926 0.06838089242491668
0 0.7608661075766339 0.46781213706569985 0.05205320994794675 0.04124561765312436
0 0.8342466743782533 0.4716110755337508 0.04554655870445349 0.029306096753535668
0 0.48577935222672064 0.4656413150839565 0.08024869866975126 0.05644137152532807
0 0.21033111625216888 0.44339038977108675 0.0281954887218045 0.024964452790048906
0 0.2627458068247542 0.43742062932129244 0.014459224985540788 0.017366575853947127
1 0.6556752458068247 0.4661840205793924 0.13085598611914406 0.11179733205978447
1 0.22948958935801034 0.24041853447808012 0.4048582995951416 0.30717131041668927
1 0.04151966454598032 0.3983458336499115 0.07229612492770386 0.07163712539753178
