0 0.3683860905730129 0.3403090373961219 0.14874075785582255 0.26726973684210525
0 0.7384328789279113 0.23913608033240996 0.11624884473197782 0.2380540166204986
1 0.5853598659889094 0.2943213296398892 0.18123267097966728 0.26835180055401664
1 0.2719934149722736 0.09792676592797783 0.41806261552680224 0.1828687673130194
3 0.23408618299445472 0.7260647506925207 0.46066312384473196 0.42416897506925205
3 0.577417398336414 0.6086608379501385 0.026715573012939003 0.05518524930747922
3 0.9055857208872459 0.3462603878116344 0.1689579482439926 0.19260734072022162
3 0.7860876848428835 0.7487880886426593 0.03393599815157117 0.06492382271468145
3 0.7402379852125693 0.584314404432133 0.06931608133086876 0.07141620498614959
3 0.9041416358595195 0.7266057825484764 0.057763401109057304 0.05951350415512465
3 0.8835634242144177 0.6470740997229917 0.0888112292051756 0.07574445983379502
0 0.49582659426987064 0.5145212950138505 0.051265018484288355 0.15906336565096954
1 0.1543004852125693 0.34085006925207756 0.1639036506469501 0.2077562326869806
