0 0.8959799757281554 0.1681190131251757 0.07205703883495147 0.12000778428871062
0 0.7055976941747574 0.4497589032802128 0.09784587378640781 0.1232512379181352
0 0.39423543689320384 0.5735507168032521 0.05157766990291268 0.07243713105714968
0 0.5307645631067961 0.5346292732501567 0.04399271844660193 0.0659502237983004
0 0.5884101941747573 0.6124721603563474 0.05309466019417482 0.09838476009254657
0 0.6536407766990291 0.6276082772936623 0.033373786407767 0.0616256189590676
0 0.4807038834951456 0.620580794429909 0.027305825242718473 0.04757065323156086
3 0.8011680825242717 0.7957272904188379 0.3375303398058252 0.24866477825588681
3 0.16820388349514562 0.6232836724544295 0.054611650485436904 0.09406015525331377
3 0.3130764563106796 0.6184184920102924 0.06523058252427187 0.0562198629100266
3 0.08628640776699029 0.6124721603563474 0.0970873786407767 0.09406015525331377
3 0.21067961165048543 0.6676108720565659 0.0379247572815534 0.1135208770298614
