0 0.5841076856274424 0.4276477364108583 0.20625271385149802 0.2195127252178827
0 0.7389781444492691 0.38363652170133233 0.039803155304675084 0.04455456303927321
0 0.5562454769141699 0.7868009823737802 0.14618613402807928 0.13366368911781967
0 0.8659863945578231 0.6004325052704789 0.06368504848748013 0.16952467888113718
3 0.4288753799392097 0.8221186238073503 0.11579099724996379 0.10214948599247999
3 0.7852945433492545 0.6439003716502575 0.09625126646403243 0.21733933189889382
3 0.7545375597047329 0.4553585012279672 0.09697496019684478 0.08150224946208515
3 0.39088145896656534 0.27496685575188545 0.048487480098422325 0.06411510291017365
3 0.8746707193515704 0.9041642215991827 0.17368649587494578 0.1358370824368086
3 0.2812418584455059 0.6368368433635435 0.25039803155304674 0.437938753776271
3 0.016731799102619772 0.9709960661580926 0.026776668114054127 0.03694768642281189
