0 0.10061959654178673 0.41765075512989963 0.18011527377521613 0.15059261987822578
0 0.269207492795389 0.403566553270785 0.11671469740634005 0.07692141015362615
0 0.4320317002881844 0.39598275226972324 0.09654178674351584 0.06825420900955557
0 0.5235302593659942 0.3569803471214058 0.0734870317002882 0.1310914173040671
0 0.6096253602305475 0.4041082533422894 0.055475504322766656 0.07583801001061732
0 0.6737463976945244 0.39760785248423647 0.07276657060518729 0.08233841086867025
0 0.7522766570605186 0.41331715455786433 0.08573487031700296 0.07908821043964373
0 0.8268443804034581 0.42848475655998786 0.06484149855907774 0.06392060843752029
0 0.8898847262247839 0.42360945591644816 0.04106628242074919 0.06500400858052911
0 0.1931988472622478 0.6624991874498928 0.2528818443804034 0.32827024333167215
1 0.4752593659942363 0.19555372581309183 0.11527377521613837 0.17009382245238458
1 0.6416858789625359 0.24809863274901953 0.12680115273775214 0.2058460271716756
1 0.7681268011527377 0.31581114168707064 0.07420749279538896 0.10942341444389073
