0 0.5143971119133574 0.4060016695395756 0.1848375451263538 0.06179464663219174
0 0.5847617328519856 0.816686722823907 0.25047653429602884 0.3606205483461801
3 0.8151191335740072 0.5062824557409396 0.029602888086642565 0.05203759716395093
3 0.8310036101083033 0.5648247525503843 0.028158844765342906 0.05420583037911558
3 0.9205342960288808 0.5794603267527455 0.020938628158844834 0.035775848050216275
3 0.9518664259927798 0.7364837761949675 0.09226714801444041 0.23273815331577064
3 0.512231046931408 0.6222829327522468 0.38122743682310467 0.15611279149185286
3 0.06060649819494586 0.75508721718108 0.12057761732851986 0.23742153706052618
3 0.1804620938628159 0.5724135688034604 0.026714801444043333 0.06504699645493868
3 0.2176462093862816 0.4873104151082491 0.034657039711191315 0.04661701412603938
3 0.40501083032490975 0.22224390455437387 0.048375451263537914 0.06721522967010334
3 0.6046498194945847 0.22549625437712081 0.03754512635379058 0.08022462896109109
