0 0.40440579710144925 0.6175652173913043 0.1855072463768115 0.30869565217391304
3 0.7304927536231883 0.5447391304347826 0.08695652173913049 0.1065217391304348
3 0.8087536231884057 0.7871304347826087 0.14782608695652183 0.06739130434782613
3 0.7449855072463767 0.714304347826087 0.17101449275362318 0.07826086956521737
3 0.04426086956521734 0.7425652173913042 0.044927536231884 0.028260869565217377
3 0.14208695652173908 0.7425652173913042 0.043478260869565175 0.028260869565217377
3 0.21165217391304342 0.7420217391304348 0.037681159420289836 0.033695652173913
3 0.2848405797101448 0.7382173913043477 0.030434782608695664 0.028260869565217377
3 0.0826666666666666 0.356695652173913 0.023188405797101495 0.03260869565217393
3 0.19136231884057966 0.35778260869565215 0.03768115942028999 0.039130434782608685
3 0.17686956521739125 0.4365869565217391 0.040579710144927505 0.03804347826086956
3 0.2573043478260869 0.42680434782608695 0.030434782608695515 0.02282608695652175
3 0.22252173913043474 0.473 0.039130434782608824 0.028260869565217377
3 0.3000579710144928 0.47734782608695653 0.02028985507246383 0.019565217391304374
3 0.29063768115942024 0.531695652173913 0.027536231884057846 0.019565217391304374
3 0.8964347826086955 0.5376739130434782 0.108695652173913 0.05760869565217399
3 0.9674492753623188 0.4789782608695652 0.062318840579710315 0.044565217391304375
