0 0.21028645833333331 0.7625942194024183 0.07233796296296294 0.12689116642264514
0 0.29962384259259256 0.8151944037741988 0.10489004629629628 0.11062306816333169
0 0.38208912037037035 0.778862317661732 0.03833912037037035 0.09435496990401815
0 0.255859375 0.5820183287240388 0.10850694444444448 0.17135730166476867
1 0.08260995370370369 0.2642481427254487 0.15118634259259256 0.5184100645301231
1 0.18026620370370366 0.3190174068651374 0.03978587962962962 0.35681362182094245
1 0.2370515046296296 0.3813784501925058 0.08535879629629628 0.214738897022938
1 0.34085648148148145 0.5576161813350686 0.06293402777777779 0.15075104386963833
1 0.09563078703703702 0.6432948321674529 0.1642071759259259 0.22883791551434304
3 0.6298466435185185 0.7555447101567159 0.09982638888888884 0.07591779187679626
3 0.7253327546296295 0.7349384523615855 0.06655092592592593 0.05856515373352855
3 0.9058159722222221 0.6790846483379426 0.05570023148148151 0.03795889593839813
