0 0.09739854318418315 0.620669056152927 0.03746097814776275 0.09775171065493646
0 0.1601803676725633 0.6907244487889649 0.025667707249392997 0.03367003367003367
0 0.2295525494276795 0.6570544151189311 0.05064169268123479 0.04235907461713918
0 0.29996531390912246 0.7043010752688172 0.024973985431841796 0.03258390355164542
0 0.3738466874783211 0.6994134897360703 0.057578910856746456 0.0814597588791137
0 0.5177939646201872 0.691810578907353 0.1484564689559486 0.06408167698490279
0 0.6700659035726674 0.6956120343217117 0.11030176899063468 0.09340719018138376
0 0.7703087062088102 0.6722602367763658 0.02636142906694414 0.04670359509069188
0 0.8181755116198404 0.6836646030194417 0.013874436351023334 0.03475616378842182
1 0.15254942767950053 0.4767568154664929 0.1366631980575789 0.21831215379602473
1 0.34713839750260145 0.42625176496144235 0.24002774887270203 0.4127294449875095
1 0.6534165799514394 0.37140219398283913 0.35726673603884834 0.5202563267079395
1 0.8382934443288241 0.5821114369501466 0.19007977800901835 0.21179537308569568
3 0.878182448838016 0.9008906266970783 0.15469996531390912 0.14988595633756918
