0 0.4707470747074708 0.37061083157496083 0.06264626462646261 0.07899150570794782
0 0.614041404140414 0.3321971541416437 0.23402340234023405 0.14283395552670022
1 0.7904590459045905 0.17150895417410594 0.39243924392439244 0.31488394741113457
1 0.3159315931593159 0.14283395552670022 0.535013501350135 0.2445490450684413
3 0.03906390639063907 0.4133528106909052 0.06624662466246625 0.0779094302872911
3 0.08226822682268227 0.4815235621922848 0.06480648064806481 0.06925282692203653
3 0.1416741674167417 0.2981117783909539 0.07560756075607558 0.0551858464534978
3 0.396939693969397 0.786668830817508 0.0345634563456346 0.054103771032840996
3 0.47182718271827184 0.7850457176865228 0.043204320432043294 0.07249905318400693
3 0.39045904590459046 0.8542985446085593 0.041764176417641775 0.03138018719904786
3 0.4671467146714671 0.8624141102634855 0.04824482448244825 0.054103771032840996
3 0.013141314131413144 0.6730509116485419 0.02160216021602161 0.041118865984959146
3 0.20792079207920794 0.654655629497376 0.15049504950495052 0.17746036898771844
3 0.31737173717371736 0.6871178921170806 0.07128712871287131 0.05843207271546828
3 0.3465346534653465 0.34842828545149596 0.04464446444644466 0.05193962019152732
3 0.3904590459045905 0.36195422820970624 0.021602160216021595 0.07682735486663421
