0 0.12763636363636363 0.13486393630364835 0.17745454545454545 0.17778262529312316
0 0.30727272727272725 0.32846158041119045 0.1730909090909091 0.24867753721982874
0 0.464 0.4882478049844576 0.1403636363636363 0.17560124338768604
0 0.5738181818181818 0.5711403173910672 0.0749090909090909 0.10143425860282484
0 0.681090909090909 0.6758466488520477 0.1149090909090909 0.14724327861700384
0 0.7829090909090908 0.756012433876861 0.08436363636363631 0.13524567813709987
0 0.9018181818181819 0.8405409827125483 0.0763636363636364 0.08834596717020231
3 0.14618181818181816 0.5635054807220373 0.04145454545454545 0.08616458526476523
3 0.2018181818181818 0.5553252985766484 0.027636363636363605 0.10252494955554342
3 0.272 0.554779953100289 0.03854545454545455 0.06653214811583136
3 0.428 0.572776353820145 0.07418181818181811 0.06980422097398703
3 0.6618068965517242 0.7015907163394908 0.04137931034482754 0.0961876590199202
