0 0.1515151515151515 0.3595408273770847 0.08373205741626796 0.0974658869395712
0 0.31140350877192985 0.38769763915962746 0.06698564593301432 0.04764998917045705
0 0.4134768740031898 0.384990253411306 0.0653907496012759 0.042235217673814135
0 0.24122807017543857 0.32488628979857054 0.019138755980861205 0.017327268789257104
0 0.5370813397129186 0.4402209226770631 0.04944178628389153 0.04656703487112845
0 0.6646730462519936 0.42343513103747016 0.07336523125996812 0.06281134936105691
0 0.18500797448165868 0.7418236950400693 0.04864433811802236 0.10829542993285685
0 0.2671451355661882 0.7661901667749621 0.09808612440191389 0.0985488412388998
0 0.36363636363636365 0.8235867446393761 0.0996810207336523 0.11371020142949965
0 0.645933014354067 0.7315356291964479 0.06937799043062204 0.1267056530214425
0 0.8014354066985646 0.7559021009313406 0.1794258373205742 0.15161360190599957
0 0.937799043062201 0.7927225471085119 0.0773524720893142 0.08880225254494259
1 0.31499202551834127 0.1608187134502924 0.34051036682615626 0.31513970110461337
1 0.7416267942583731 0.1949317738791423 0.4617224880382776 0.36820446177171323
1 0.7862838915470494 0.5875027073857484 0.13157894736842105 0.1245397444227853
1 0.8827751196172249 0.5690924842971627 0.058213716108452926 0.10071474983755682
1 0.9290271132376396 0.723954949101148 0.040669856459330134 0.040069309075157024
1 0.5925039872408294 0.586961230236084 0.12838915470494408 0.14728178470868528
1 0.15829346092503985 0.6465237166991552 0.06379585326953745 0.12345679012345678
1 0.2818979266347687 0.6546458739441195 0.09728867623604465 0.0660602122590427
1 0.3588516746411483 0.7472384665367121 0.06299840510366825 0.0303227203811999
1 0.03389154704944178 0.6097032705219839 0.05263157894736843 0.16677496209659953
