0 0.4702205882352942 0.34814814814814815 0.40277777777777785 0.34422657952069713
1 0.5412990196078431 0.10577342047930284 0.2638888888888889 0.14270152505446623
3 0.08500816993464053 0.5333333333333333 0.04901960784313724 0.13289760348583876
3 0.17201797385620915 0.5736383442265794 0.03022875816993466 0.12418300653594772
3 0.31825980392156866 0.6509803921568627 0.17238562091503262 0.18082788671023972
3 0.574795751633987 0.7947712418300654 0.041666666666666664 0.11764705882352937
3 0.6671160130718955 0.8040305010893246 0.041666666666666664 0.11002178649237467
3 0.7353349673202615 0.7909586056644881 0.050653594771241865 0.12745098039215694
3 0.9448937908496733 0.6689542483660131 0.06290849673202609 0.1209150326797385
1 0.09031862745098039 0.11884531590413942 0.15441176470588236 0.17973856209150327
