0 0.4581463414634146 0.5241192411924119 0.12601626016260162 0.12899728997289972
0 0.6154634146341463 0.5718157181571816 0.11219512195121956 0.11382113821138212
1 0.324 0.25040650406504067 0.5455284552845528 0.47262872628726293
1 0.658959349593496 0.45474254742547426 0.1113821138211382 0.08780487804878051
3 0.16790243902439025 0.5436314363143632 0.07235772357723573 0.06395663956639563
3 0.3288780487804878 0.5609756097560976 0.051219512195121976 0.0747967479674797
3 0.4248130081300813 0.5593495934959349 0.046341463414634174 0.058536585365853704
3 0.7800975609756098 0.5365853658536586 0.06422764227642279 0.052032520325203224
3 0.8544878048780488 0.5279132791327913 0.07804878048780484 0.10840108401084005
3 0.42928455284552847 0.683468834688347 0.08130081300813015 0.0682926829268293
