0 0.19330734243014944 0.4904854729416134 0.3762183235867446 0.30748166713078995
0 0.5480831708901884 0.42492806089297314 0.3320337881741391 0.4409171075837743
0 0.799545159194282 0.44291283764967976 0.1773879142300195 0.2146570129026269
1 0.15756985055230668 0.08727838113803027 0.31254061078622486 0.16476376125498932
1 0.20337881741390515 0.2421795228812773 0.35867446393762187 0.14967975494291283
1 0.4668615984405458 0.1041028497168848 0.26965562053281356 0.1728859184999536
1 0.8108739441195582 0.159026037315511 0.371585445094217 0.31290030632135896
0 0.813190383365822 0.6558293882855286 0.10071474983755697 0.1183514341409078
3 0.5383365821962314 0.7515548129583218 0.35802469135802467 0.16592406943284135
3 0.12280701754385963 0.7358906525573193 0.23391812865497078 0.12995451591942825
3 0.5012995451591943 0.889051332033788 0.12930474333983105 0.1276338995637242
