0 0.5507070707070707 0.6924143008726911 0.19913419913419914 0.0855367158232097
0 0.7015007215007215 0.6983693886831677 0.11111111111111127 0.07795751315533038
0 0.8717748917748918 0.6756317806795297 0.18326118326118335 0.09095043201455202
1 0.43238095238095237 0.3139955390978584 0.8080808080808081 0.6085016999068841
3 0.06080808080808083 0.6572251456289655 0.10822510822510821 0.06279910781957165
3 0.15388167388167387 0.7654994694558133 0.28282828282828293 0.10394335087377374
3 0.21593073593073592 0.9122111782411918 0.17027417027417022 0.14617033716624436
3 0.8999134199134199 0.7617098681218736 0.12698412698412706 0.05305441867515541
3 0.9006349206349207 0.6122913012408238 0.07070707070707076 0.04655795924554447
3 0.4114574314574314 0.8028541111760757 0.09668109668109681 0.05088893219861833
3 0.5052525252525253 0.8829771108079429 0.1746031746031746 0.05738539162822926
