0 0.4017552413456851 0.16500553709856036 0.21582967658052984 0.21816168327796237
0 0.4232081911262799 0.33056478405315615 0.12871769868356903 0.11960132890365448
0 0.35462376076710544 0.8809523809523809 0.11116528522671866 0.08637873754152826
0 0.5359986998212254 0.8947951273532668 0.20997887209491298 0.12513842746400883
1 0.15667154233707134 0.1932447397563677 0.2639362912400455 0.3654485049833887
1 0.5233219567690558 0.2552602436323367 0.13651877133105803 0.159468438538206
1 0.5971071022265562 0.14562569213732005 0.1358686819437673 0.24363233665559247
1 0.40305542012026657 0.03156146179401993 0.22363074922801887 0.04872646733111849
3 0.48919226393629117 0.7436323366555925 0.32049406793434093 0.15725359911406417
3 0.7593044043555989 0.6295681063122923 0.08841215667154231 0.22369878183831668
