0 0.43091724537037035 0.623592755751346 0.10416666666666669 0.07396530157176268
0 0.6027199074074073 0.6121716430086475 0.03544560185185186 0.07287757654864849
3 0.15928819444444442 0.4734867025615924 0.03399884259259259 0.0870180018491326
3 0.21209490740740738 0.5001359656278892 0.04412615740740741 0.04024582585522377
3 0.1462673611111111 0.6061891553815195 0.10633680555555558 0.08049165171044755
3 0.10033275462962961 0.7051721324849077 0.008680555555555552 0.06308805134062113
3 0.1242042824074074 0.7785935715451133 0.08101851851851852 0.06635122640996352
3 0.17447916666666666 0.7231195953662913 0.01953125 0.10333387719584482
3 0.2536892361111111 0.6496981563060858 0.03182870370370372 0.10224615217273071
3 0.30107060185185186 0.6480665687714146 0.026765046296296335 0.08157937673356173
3 0.27900752314814814 0.5425572415293414 0.044849537037037035 0.02501767553162565
3 0.5415943287037037 0.5833469298961222 0.05353009259259267 0.11964975254255722
3 0.5025318287037037 0.6078207429161907 0.02314814814814825 0.044596725947680445
3 0.5567853009259258 0.7236634578778485 0.03616898148148151 0.13052700277369886
3 0.5148292824074074 0.7606461086637298 0.02893518518518523 0.023929950508511544
3 0.583912037037037 0.0465546309892859 0.05425347222222221 0.07940392668733344
3 0.71484375 0.2842225485397291 0.03255208333333337 0.036982650785881296
1 0.31155960648148145 0.2646434981236743 0.2372685185185185 0.22624680480774462
