0 0.18775987525987525 0.6010135135135135 0.07666320166320163 0.11564449064449067
0 0.17249220374220373 0.27551975051975053 0.05652286902286901 0.07536382536382537
0 0.30892671517671516 0.3093035343035343 0.05262474012474011 0.05977130977130977
0 0.3453092515592516 0.35867983367983364 0.047427234927234954 0.06756756756756757
0 0.35830301455301455 0.48341995841995844 0.026637214137214163 0.049376299376299386
0 0.590566528066528 0.5821725571725571 0.0402806652806653 0.09355509355509355
0 0.6386434511434511 0.5847713097713096 0.027286902286902268 0.05717255717255719
0 0.7809251559251559 0.729651767151767 0.02079002079002091 0.029885654885654922
0 0.6776247401247402 0.3261954261954262 0.03638253638253643 0.08316008316008318
0 0.5350181912681913 0.36387733887733886 0.02793659043659049 0.049376299376299386
0 0.5447635135135135 0.2878638253638253 0.030535343035343065 0.0402806652806653
1 0.09712837837837837 0.256029106029106 0.19295738045738048 0.4989604989604989
1 0.2488305613305613 0.1371361746361746 0.10524948024948025 0.24558212058212053
1 0.4219724532224532 0.2521309771309771 0.21634615384615388 0.4963617463617464
1 0.6045348232848233 0.44119022869022867 0.07341476091476094 0.15722453222453217
1 0.5837448024948024 0.23783783783783785 0.08121101871101874 0.15592515592515593
1 0.6324714137214136 0.10595114345114345 0.17216735966735963 0.17021829521829523
