0 0.4927064220183486 0.32370355911249915 0.09633027522935776 0.16374953911553558
0 0.6570795107033639 0.5270349404645716 0.22324159021406728 0.28412171687596244
0 0.7503516819571865 0.7244019346303164 0.10550458715596325 0.11928774372654906
0 0.9154892966360857 0.6631314117162251 0.05198776758409793 0.08567028867633981
0 0.9678593272171253 0.7748281172056303 0.049694189602446384 0.08783915674409527
1 0.49614678899082565 0.5503502721929424 0.15366972477064214 0.1897759559286008
1 0.18995412844036694 0.45275120914394773 0.14373088685015287 0.26785520636779664
1 0.2901070336391437 0.4337736135510876 0.032110091743119254 0.08675472271021754
1 0.3027217125382263 0.5232394213459994 0.0649847094801223 0.06181273993102999
3 0.44262996941896027 0.13826533931940918 0.7071865443425076 0.22014010887717697
3 0.6188532110091743 0.2749040275880018 0.16055045871559637 0.22230897694493246
