0 0.6494151624548736 0.45641309179215317 0.07942238267148014 0.13226222612504202
0 0.7468880866425993 0.5491050617404408 0.03754512635379058 0.0726358127080148
0 0.8039277978339351 0.6065632419423033 0.0606498194945849 0.07046757949285022
0 0.8569963898916967 0.6201146995370822 0.018050541516245515 0.049869363948786355
3 0.4631335740072202 0.566992985765549 0.028880866425992736 0.04336466430329248
3 0.7050108303249097 0.602226775511974 0.047653429602888084 0.053121713771533255
3 0.47865703971119133 0.7171431359156991 0.07436823104693133 0.04661701412603946
3 0.18551624548736464 0.7035916783209202 0.039711191335740095 0.05420583037911558
3 0.0512202166064982 0.7556292754848711 0.051263537906137205 0.021682332151646198
3 0.17251985559566788 0.7957415899654168 0.035379061371841145 0.02818703179714016
3 0.5349747292418772 0.772433082902397 0.020938628158844834 0.05528994698669782
3 0.035335740072202165 0.5772920935375809 0.025270758122743688 0.04661701412603938
1 0.23714079422382672 0.0807666872648822 0.2642599277978339 0.1420192755932828
1 0.26060649819494586 0.37835669604622674 0.18267148014440435 0.42714194338743067
1 0.43136462093862815 0.07371992931559719 0.08231046931407945 0.13226222612504202
1 0.5566353790613718 0.10949577736581347 0.1061371841155235 0.18213159007382831
1 0.740028880866426 0.22658037098470313 0.23176895306859205 0.414132544096443
1 0.8107870036101082 0.5024880476144015 0.07725631768953076 0.1246734098719658
