0 0.07461368653421634 0.14957566035486283 0.12803532008830024 0.1495756603548628
0 0.1930831493745401 0.26500905041133305 0.08977189109639441 0.1593305947258322
0 0.29131714495952904 0.38586184845167515 0.108167770419426 0.13223355480647295
0 0.42450331125827817 0.49316612653233766 0.13318616629874908 0.15174342354841158
0 0.5867549668874172 0.627025503733972 0.1986754966887417 0.2026858585968068
0 0.7482707873436351 0.7408330713952809 0.12288447387785129 0.14632401556453975
0 0.8748344370860927 0.8107434343872276 0.12141280353200878 0.11922697564518057
3 0.11802796173657101 0.5435666207823457 0.041206769683590876 0.07262006698388267
3 0.17100809418690213 0.538147212798474 0.023546725533480493 0.057445724629041475
3 0.24091243561442238 0.5376052720000867 0.04267844002943339 0.06936842219355956
3 0.3980132450331126 0.5484440879678304 0.036055923473142 0.06936842219355956
3 0.3740986019131714 0.5484440879678304 0.025018395879323016 0.043355263870974714
3 0.4425312729948491 0.5424827391855713 0.023546725533480462 0.06394901420968768
