0 0.7209855072463768 0.7436214527466805 0.04637681159420288 0.13993751627180417
1 0.3633768115942029 0.45886487893777655 0.10942028985507243 0.2842141803349822
1 0.5934492753623187 0.08081662761433653 0.2942028985507246 0.1290896467933698
3 0.18910144927536232 0.6329731840666493 0.028985507246376784 0.042306690965894275
3 0.25250724637681154 0.6275492493274321 0.07463768115942025 0.06400242992276318
3 0.373159420289855 0.6242948884839017 0.037681159420289816 0.06617200381845004
3 0.43547826086956515 0.6194133472186062 0.04347826086956519 0.06508721687060666
3 0.4789565217391304 0.5895817061529115 0.06521739130434775 0.037967543174520495
3 0.6380144927536231 0.5668011802481993 0.0630434782608695 0.027119673696086078
1 0.35142028985507245 0.18929532239868088 0.13623188405797101 0.18332899418554197
