0 0.14492296918767505 0.6018623665682489 0.15476190476190474 0.10274380022279184
0 0.229656862745098 0.7024431394179292 0.0581232492997199 0.14167829293879713
0 0.3742647058823529 0.6575603214258676 0.01680672268907564 0.056238711700896594
0 0.5377801120448179 0.605106907627916 0.12535014005602244 0.18277581302791382
0 0.6239145658263304 0.5148005148005147 0.03571428571428569 0.0821950401782335
0 0.7356092436974789 0.4937109979126786 0.028011204481792618 0.05299417064122944
0 0.795483193277311 0.5050668916215134 0.0385154061624651 0.09301017704379043
3 0.49541316526610646 0.7316440089549333 0.03081232492997195 0.050831143268118044
3 0.5776960784313725 0.7321847657982111 0.05812324929971993 0.04109752008911669
3 0.6239145658263304 0.6932502730822059 0.0077030812324930765 0.036771465342894
3 0.7072478991596637 0.3958340092793874 0.03571428571428569 0.058401739074007995
3 0.3427521008403361 0.3076906438250976 0.021008403361344533 0.037852979029449646
3 0.055637254901960774 0.6326855066350865 0.032212885154061614 0.08003201280512198
