0 0.7567997685185185 0.5946180555555556 0.033275462962962965 0.045572916666666664
0 0.48408564814814814 0.5837673611111112 0.08246527777777778 0.08897569444444445
0 0.8526475694444444 0.4595269097222222 0.02531828703703704 0.044487847222222224
0 0.6736111111111112 0.4437934027777778 0.034722222222222224 0.09331597222222222
0 0.5578703703703703 0.6450737847222222 0.027488425925925927 0.042317708333333336
1 0.8830295138888888 0.2522786458333333 0.14829282407407407 0.2897135416666667
1 0.6880787037037037 0.10199652777777778 0.1519097222222222 0.14539930555555555
1 0.5531684027777778 0.3765190972222222 0.09620949074074074 0.0802951388888889
3 0.14156539351851852 0.7145182291666666 0.052806712962962965 0.2202690972222222
3 0.25730613425925924 0.7291666666666666 0.09765625 0.37109375
3 0.6323784722222222 0.7492404513888888 0.09837962962962964 0.4416232638888889
3 0.8631365740740741 0.8832465277777778 0.16637731481481483 0.1345486111111111
