0 0.08234815176681322 0.6116871285410611 0.06350757205666827 0.14749902390351824
0 0.10880964012375834 0.7629820832068023 0.04478098029636868 0.03795930762222901
0 0.3783097215437225 0.6274131274131274 0.05617977528089881 0.13339985250097608
0 0.4808988764044944 0.5932497505531215 0.1066601530695326 0.22124853585527748
0 0.530565054551376 0.7776235304325191 0.0529229767138902 0.047720272439373594
0 0.582673831623514 0.8475771116220554 0.04152418172935998 0.040128410914927685
0 0.9608695652173913 0.8166673897010975 0.06513597134017253 0.08025682182985558
1 0.20040709982087607 0.29120211704481364 0.16772512620094446 0.43056700360071143
1 0.5712750366389838 0.20443798533686175 0.14574173587363626 0.3242809422584704
1 0.7654616511968734 0.5834887857359767 0.2084351082885522 0.19088108975749432
