0 0.07718910963944076 0.15445312754034748 0.13318616629874908 0.14198848917744228
0 0.2445916114790287 0.3170353670565027 0.20309050772626933 0.2525444120484278
0 0.41604120676968365 0.49316612653233755 0.14863870493009568 0.1409046075806679
0 0.5882266372332599 0.6291932669275209 0.19131714495952906 0.17233717388712452
0 0.7313465783664459 0.7018133339114035 0.08756438557763052 0.1810082266613195
0 0.8718910963944075 0.8226661319517456 0.12729948491537887 0.12139473883872925
0 0.8325239146431199 0.685555109959788 0.03237674760853565 0.04443914546774905
3 0.11545253863134658 0.5652442527178332 0.015452538631346581 0.06394901420968768
3 0.16585724797645326 0.5489860287662175 0.026490066225165566 0.09646546211291875
3 0.24716703458425313 0.5419407983871842 0.027225901398086814 0.07587171177420576
3 0.3877115526122149 0.5571151407420253 0.04782928623988223 0.07587171177420576
3 0.4428991905813098 0.5435666207823457 0.018395879323031623 0.07912335656452887
