0 0.10113163371488032 0.34631336405529956 0.16584287200832465 0.2799539170506913
3 0.2614464099895942 0.24723502304147463 0.035119667013527554 0.13018433179723501
3 0.054305411030176894 0.541589861751152 0.04617585848074921 0.14516129032258068
3 0.3833896982310093 0.3958525345622119 0.07479188345473464 0.09792626728110594
3 0.6093912591050988 0.38145161290322577 0.11706555671175858 0.10368663594470046
3 0.7248309053069719 0.41140552995391705 0.07349115504682631 0.0783410138248848
3 0.7723074921956296 0.6804147465437788 0.044875130072840774 0.08179723502304148
3 0.7088969823100937 0.9188940092165899 0.11056191467221639 0.15092165898617518
3 0.9334027055150885 0.9141705069124424 0.08480749219562955 0.16451612903225807
3 0.30437044745057235 0.25990783410138246 0.03251821019771071 0.13248847926267276
3 0.5375260145681582 0.2236175115207373 0.14373048907388136 0.18894009216589863
