0 0.8331293202764977 0.5695463101187772 0.14976958525345624 0.25637697150645816
1 0.8313292050691246 0.21905627312260662 0.21097350230414752 0.409986802535644
3 0.20668922811059912 0.541420566409208 0.10656682027649773 0.14603751541507107
3 0.472386232718894 0.631747474091863 0.0763248847926267 0.1254840873196166
3 0.596234158986175 0.5430432054693755 0.06336405529953923 0.11033945609138703
3 0.6311563940092166 0.42459055407715107 0.06120391705069128 0.11142121546483204
3 0.10516273041474655 0.8069924925899483 0.03888248847926268 0.032452781203349136
3 0.30461549539170507 0.782112027000714 0.04896313364055298 0.030289262456459125
3 0.4191028225806452 0.7864390644944939 0.1008064516129032 0.05192444992535859
3 0.5778729838709677 0.7669673957724844 0.11880760368663594 0.05625148741913849
3 0.596234158986175 0.8248415222517903 0.10080645161290329 0.04867917180502364
3 0.2992151497695853 0.8783886112373165 0.049683179723502315 0.04976093117846871
3 0.45222494239631333 0.8583760628285845 0.034562211981566816 0.04218861556435387
3 0.629716301843318 0.8778477315505939 0.48603110599078353 0.221760671556219
