0 0.13573710965867827 0.5846198944694156 0.20479302832244006 0.16285584001042272
0 0.3249164851125635 0.5254489392656286 0.11837327523602034 0.10748485440687901
0 0.3427087872185911 0.7387900896792825 0.09005083514887437 0.09554209280611473
0 0.43130718954248365 0.8104466592838685 0.047930283224400856 0.06297092480403015
0 0.5358823529411765 0.7474757344798385 0.04066811909949163 0.07817080320500294
0 0.6244807552650691 0.6693049312748355 0.09586056644880185 0.11942761600764337
0 0.7428540305010892 0.6356480576726814 0.06971677559912855 0.04125681280264043
0 0.8405301379811183 0.6226195904718477 0.034132171387073335 0.05211386880333529
1 0.6012418300653595 0.3104792304518707 0.2047930283224401 0.45708205762925325
1 0.24902687000726215 0.4684493952619807 0.09876543209876543 0.32136885762056755
1 0.41714596949891064 0.46247801446159864 0.09949164851125633 0.24862658241591215
