0 0.3210227272727273 0.5633116883116883 0.20211038961038966 0.4166666666666667
0 0.9330357142857142 0.8771645021645021 0.06412337662337662 0.08766233766233768
0 0.9423701298701297 0.5903679653679653 0.04545454545454547 0.0854978354978355
3 0.08076298701298701 0.09902597402597403 0.15016233766233766 0.13528138528138528
3 0.14935064935064932 0.3484848484848485 0.2694805194805195 0.24891774891774893
3 0.3157467532467532 0.8674242424242423 0.18831168831168832 0.20454545454545447
3 0.7252435064935066 0.4172077922077922 0.10795454545454547 0.1634199134199134
3 0.8616071428571428 0.44913419913419916 0.12418831168831175 0.170995670995671
3 0.632711038961039 0.2213203463203463 0.09009740259740255 0.10497835497835496
3 0.5170454545454546 0.5546536796536797 0.07142857142857138 0.21320346320346317
