0 0.5965049556598851 0.8908193908193908 0.03977569118414192 0.04862004862004846
1 0.40545122587376103 0.29951379951379953 0.08672404799165359 0.22451022451022454
1 0.47978612415232125 0.5597740597740597 0.05803338549817428 0.11011011011011017
1 0.5374934793948879 0.7199342199342198 0.08998435054773088 0.14157014157014153
3 0.8599374021909233 0.9308594308594308 0.06455399061032867 0.1172601172601173
3 0.5042383933229003 0.8772343772343771 0.09259259259259263 0.09295009295009296
3 0.44881324986958787 0.7563992563992563 0.05477308294209703 0.09724009724009715
3 0.6600808555033906 0.7678392678392678 0.06129368805425148 0.10010010010010009
3 0.1961398017736046 0.6899041899041898 0.12845592070944184 0.06149006149006148
1 0.5088028169014085 0.2001287001287001 0.14084507042253527 0.2717002717002716
