0 0.41210428456598164 0.6947302302410708 0.11204663738298025 0.1960189737702788
0 0.530646379188555 0.5079165673937057 0.07469775825532012 0.04981697675929732
0 0.902105340077783 0.6167558318352141 0.17618927762396172 0.15053390803352898
0 0.8144166673432768 0.7754120730360198 0.16644609176457217 0.16677857436808252
0 0.9146902884794945 0.8604258268535163 0.10717504445328553 0.0768914206502199
0 0.944325812135138 0.7223461630098118 0.05927104731128676 0.06064675431566635
0 0.785187109765108 0.45106023522276845 0.05764718300138844 0.04007017695856531
1 0.7425606716302785 0.338430548636531 0.1916159885679952 0.14187008598843373
3 0.022376850190398073 0.7618748510905585 0.025981828958372238 0.17219346314626696
3 0.22373602461778294 0.7640408066018323 0.27930466130250153 0.42344430245402753
3 0.2951860542533065 0.5626069440533691 0.02922955757816877 0.08988715371786263
