0 0.24228896103896105 0.6428571428571429 0.19399350649350652 0.2792207792207792
0 0.0909090909090909 0.6985930735930737 0.0779220779220779 0.059523809523809534
0 0.38879870129870125 0.5654761904761905 0.056818181818181795 0.10281385281385289
0 0.48620129870129863 0.7321428571428571 0.12337662337662338 0.12878787878787876
0 0.5527597402597403 0.8425324675324675 0.04220779220779221 0.04653679653679651
0 0.6047077922077922 0.6796536796536796 0.07467532467532464 0.10822510822510821
0 0.6651785714285714 0.5627705627705628 0.03814935064935071 0.07575757575757573
0 0.7199675324675324 0.650974025974026 0.050324675324675355 0.0854978354978355
0 0.898133116883117 0.702922077922078 0.06087662337662337 0.05086580086580095
0 0.4991883116883117 0.4480519480519481 0.06818181818181827 0.24458874458874458
3 0.3007305194805195 0.3382034632034632 0.04464285714285708 0.08116883116883121
3 0.9301948051948051 0.902056277056277 0.05357142857142847 0.08333333333333333
3 0.711038961038961 0.2916666666666667 0.2532467532467533 0.22835497835497837
