0 0.7598524305555555 0.24329427083333333 0.11067708333333333 0.07269965277777778
0 0.7432146990740741 0.342578125 0.03544560185185185 0.04774305555555555
0 0.8882523148148148 0.21833767361111112 0.05063657407407408 0.042317708333333336
0 0.8090422453703704 0.4727864583333333 0.029658564814814815 0.028211805555555556
3 0.33631365740740743 0.5856336805555555 0.09837962962962964 0.06944444444444445
3 0.18693576388888888 0.7766059027777777 0.051359953703703706 0.07161458333333333
3 0.27120949074074074 0.7928819444444445 0.03761574074074074 0.04774305555555555
3 0.3142505787037037 0.7288628472222223 0.032552083333333336 0.043402777777777776
3 0.24263599537037037 0.7245225694444445 0.054253472222222224 0.052083333333333336
3 0.33631365740740743 0.6930555555555555 0.02459490740740741 0.04123263888888889
3 0.31786747685185185 0.7885416666666667 0.016637731481481483 0.032552083333333336
3 0.706322337962963 0.6876302083333333 0.06438078703703703 0.06727430555555555
1 0.4560329861111111 0.22647569444444443 0.1801215277777778 0.29296875
1 0.776490162037037 0.10440538194444444 0.18156828703703703 0.15299479166666666
