0 0.19554054054054051 0.415259009009009 0.14729729729729726 0.3779019404019404
0 0.5979054054054054 0.44611919611919615 0.297972972972973 0.615038115038115
3 0.24993243243243246 0.6816311503811503 0.0641891891891892 0.18949237699237706
3 0.4414864864864865 0.41471760221760223 0.11351351351351349 0.12560637560637558
3 0.46783783783783783 0.6177451489951491 0.027027027027027032 0.07687976437976438
3 0.6475675675675676 0.6247834372834373 0.10540540540540541 0.10828135828135825
3 0.8935135135135135 0.35570426195426197 0.036486486486486454 0.13102044352044354
3 0.9737972972972972 0.3760611573111573 0.048405405405405416 0.11326230076230076
0 0.07864864864864865 0.13426888426888425 0.052702702702702706 0.11044698544698545
3 0.05770270270270271 0.228473665973666 0.10810810810810813 0.08662508662508664
