0 0.28511796733212347 0.15618277817612933 0.25408348457350277 0.21836907633139951
0 0.6896854204476708 0.21158985724529042 0.5913490623109496 0.357429980661843
0 0.20344827586206893 0.45766247311127045 0.11191772534785235 0.06735762553505859
0 0.34183303085299455 0.5098103122351868 0.0559588626739261 0.04562935923342672
0 0.14068360556563825 0.21593551050561677 0.0559588626739261 0.04671577254850837
1 0.2752873563218391 0.03178845359928731 0.3342407743496672 0.03911087934293723
1 0.6382637628554144 0.05243030658583751 0.2465214761040531 0.08908589183669036
1 0.8121899576527526 0.04319579340764401 0.08923169993950397 0.07930817200095605
3 0.5490320629159104 0.9384003650348738 0.40683605565638237 0.11624622471373006
3 0.21176648517846344 0.9172153053907829 0.06503327283726561 0.0782217586858744
