0 0.16383739837398373 0.432520325203252 0.07723577235772357 0.11273712737127373
0 0.0223739837398374 0.44173441734417346 0.03495934959349591 0.03577235772357729
0 0.05936585365853658 0.5197831978319783 0.030894308943089442 0.03360433604336042
0 0.4796910569105692 0.43956639566395667 0.21951219512195128 0.202710027100271
0 0.6349756097560976 0.4585365853658536 0.07642276422764235 0.13875338753387534
0 0.6573333333333332 0.6856368563685638 0.033333333333333375 0.04661246612466129
3 0.024406504065040656 0.6769647696476965 0.048780487804878064 0.3414634146341463
3 0.09066666666666667 0.7365853658536586 0.09512195121951222 0.34146341463414637
3 0.2524552845528455 0.5018970189701897 0.08536585365853659 0.33170731707317075
3 0.3370081300813008 0.5024390243902439 0.1 0.31111111111111106
3 0.8439186991869919 0.5495934959349594 0.09593495934959344 0.2666666666666667
0 0.7947317073170732 0.5707317073170732 0.015447154471544763 0.07913279132791332
0 0.8829430894308944 0.5869918699186992 0.01951219512195121 0.0747967479674797
