0 0.09358610246378411 0.6526584992685078 0.050692472167883064 0.10497749684509126
0 0.15435207871631065 0.723574148733011 0.020147008169286874 0.0368538020839149
0 0.22486660730881466 0.6962129926404074 0.03639459540258271 0.05583909406653781
0 0.37239469938714104 0.7397674860123069 0.06109092799719241 0.09157611426912209
0 0.5153734670401445 0.7263661034363379 0.1507776095249855 0.07817473169315299
0 0.6661510765651301 0.7274828853176686 0.11828243505839381 0.09380967803178362
0 0.7753348627728782 0.7096143752163765 0.023396525615946035 0.04243771149056872
0 0.8133542168987906 0.7196654121483533 0.018847201190623216 0.044671275253230266
1 0.6105843282272583 0.40975844007906814 0.3697950854298137 0.5193035748188022
1 0.8650215443006715 0.630881252582558 0.09748552339977515 0.13066348011569862
1 0.29505618415665275 0.48179087142490196 0.250862746882088 0.32386674558591955
