0 0.48641667640149006 0.519496156339724 0.07982555196448735 0.1481893118458831
1 0.19339849175135962 0.23816800963230525 0.3569435250444557 0.4515143095304251
1 0.5380112404760977 0.29952764656849123 0.3011305374920498 0.5904417893859405
1 0.6905234739041834 0.5924330832638695 0.15316122165543916 0.17829026581457807
1 0.7674285788455797 0.18433361118829303 0.14602235115454992 0.34153005464480873
1 0.921887776955726 0.31284153005464477 0.1499162805186714 0.6008613503751041
3 0.7200524382487701 0.7979299805501529 0.08761341069273001 0.06367509493377786
3 0.81675168412445 0.7921413355561729 0.09669924587567985 0.06599055293136974
3 0.9287021533429383 0.8141381865332962 0.12460573965188265 0.2164953227748449
3 0.04185974066430435 0.7875104195609891 0.06295185805329491 0.05904417893859409
