0 0.2731006951371693 0.4754623314461704 0.23544573666154217 0.4449025611581411
0 0.31845419018671306 0.8217284111520207 0.18526559559994207 0.18898048287771668
0 0.42954117817339704 0.5344563552833078 0.04414531770154872 0.1748612513983469
0 0.5384570849616443 0.3791448090102419 0.021710811984368254 0.035841126063015184
0 0.48309451440150536 0.49861522922029267 0.019539730785931405 0.03801331552137976
3 0.8463887682732668 0.5176218869809825 0.0586191923577941 0.16508639883570644
3 0.44690982776089166 0.9232782683305638 0.15125199015776528 0.10535118873068107
3 0.34740193949920395 0.5111053186058888 0.1186857721812129 0.10643728345986342
3 0.3492111738312346 0.3324427356554039 0.10927775365465331 0.08797367306376463
3 0.3466782457663917 0.14834967905900756 0.14039658416558115 0.09992071508476971
