0 0.439891552206367 0.6479442151956771 0.03884515347478308 0.23262420923239638
3 0.8371356421356421 0.7361477286289315 0.04112554112554108 0.07703240785947546
3 0.9204689754689754 0.36997255042367827 0.08946608946608951 0.1714242315746075
3 0.662893217893218 0.8077553190335145 0.14141414141414135 0.09222189673317487
3 0.7942063492063492 0.843559114235806 0.038961038961039 0.06835269993164725
3 0.6499062049062049 0.9488005728607232 0.06349206349206346 0.05533313803990486
3 0.35469336219336217 0.9707059857435796 0.0372799422799423 0.053575497184519795
3 0.4146969696969697 0.9124542959129426 0.038961038961038905 0.060757955494797615
3 0.46917027417027424 0.9140817411494103 0.020923520923520962 0.04665343011207665
3 0.321984126984127 0.6905792620078335 0.06709956709956709 0.059672992003819036
3 0.31873737373737376 0.7898534214323687 0.024531024531024504 0.07811737135045403
