0 0.2485239253852392 0.4044336307110029 0.1175993511759935 0.15788050824547176
0 0.501970802919708 0.5952960259529602 0.09083536090835356 0.10273046769397139
0 0.623625304136253 0.7007299270072992 0.13138686131386862 0.09948634766153014
1 0.1974290348742903 0.21411192214111918 0.2587185725871857 0.22492565558258987
3 0.7464963503649634 0.5628548256285482 0.06244931062449306 0.09191673425250069
3 0.9285725871857259 0.5660989456609894 0.06812652068126511 0.08759124087591236
3 0.7801540957015409 0.7072181670721817 0.08759124087591241 0.0432549337658827
3 0.9460097323600972 0.7055961070559609 0.08678021086780215 0.04433630711002972
3 0.9451987023519869 0.7991349013246823 0.0640713706407136 0.03460394701270616
3 0.7014841849148419 0.8824006488240065 0.5190592051905921 0.17301973506353066
