0 0.04915364583333333 0.7002898550724637 0.036458333333333336 0.05797101449275359
0 0.10611979166666666 0.6927536231884057 0.04361979166666667 0.07304347826086957
0 0.23860677083333334 0.7779710144927537 0.13932291666666669 0.2805797101449275
0 0.33463541666666663 0.7008695652173913 0.08138020833333331 0.05681159420289848
0 0.4306640625 0.7310144927536233 0.13020833333333337 0.23536231884057968
0 0.5504557291666667 0.6846376811594203 0.03645833333333337 0.09855072463768119
0 0.5859375 0.7107246376811595 0.02669270833333326 0.06260869565217392
0 0.6302083333333333 0.6863768115942028 0.10611979166666663 0.2527536231884058
0 0.8463541666666667 0.7089855072463768 0.14388020833333337 0.11246376811594207
0 0.94140625 0.7263768115942029 0.06705729166666674 0.07536231884057967
3 0.9638671875 0.5246376811594203 0.01041666666666674 0.02434782608695652
1 0.197265625 0.4678260869565217 0.16341145833333337 0.30028985507246375
1 0.18196614583333331 0.1443478260869565 0.16796875 0.24927536231884054
1 0.3564453125 0.08463768115942029 0.11979166666666663 0.12985507246376812
1 0.40625 0.4579710144927537 0.14127604166666663 0.2828985507246377
1 0.6097005208333333 0.30144927536231886 0.12760416666666663 0.5263768115942029
1 0.8131510416666667 0.32521739130434785 0.18294270833333337 0.5831884057971015
1 0.046549479166666664 0.21159420289855074 0.05598958333333333 0.16579710144927537
1 0.38997395833333337 0.21333333333333335 0.06315104166666669 0.09275362318840581
