0 0.1049830470790951 0.8427303576089794 0.17439275193152134 0.1674932567649873
0 0.13173253293313325 0.6714304359175151 0.05558334722917015 0.04459236056730185
0 0.27937579901061643 0.7997694248673106 0.1188094047023512 0.1794570608196293
0 0.373172697459841 0.7633342034281737 0.04099271858151299 0.05655616462194375
0 0.4812128286365406 0.5746323849299575 0.2751375687843923 0.33172365787870883
0 0.5423545105886277 0.7589837292264856 0.033350008337502006 0.03262855651265985
0 0.5288060697015176 0.3783172365787871 0.034044800177866645 0.06960758722700772
0 0.5927269190150631 0.3484077264421822 0.04655105330442993 0.06199425737405374
0 0.7667722750264021 0.6159618898459932 0.06808960035573353 0.06634473157574172
0 0.8327774998610417 0.6279256939006351 0.02223333889166812 0.031540937962237836
0 0.885234283808571 0.6241190289741582 0.027096881774220483 0.05220569042025578
0 0.717789450280696 0.7812799095101367 0.07434272691901506 0.07069520577742987
0 0.914401645267078 0.7251587923083617 0.17019620921571896 0.09549290872705125
0 0.9158051247846146 0.8835160532498042 0.040992718581512926 0.07069520577742978
1 0.6531738091267857 0.08901070216653616 0.28139069534767386 0.14574088575654748
1 0.8960035573342228 0.131971634908205 0.18620421321772007 0.10114852518924564
1 0.49337168584292146 0.3500391542678152 0.07017397587682728 0.19142086487427135
