0 0.43378894767783654 0.38435683927487213 0.13007054673721336 0.2374447046578194
0 0.6457965902410346 0.2997874924104432 0.23809523809523805 0.42176251192644637
0 0.7034832451499119 0.5692167577413478 0.1330099941211052 0.1539595801890884
0 0.7824808935920047 0.7383554514702055 0.06172839506172847 0.09107468123861569
0 0.9121840094062316 0.5133793043629109 0.0918577307466197 0.12034868592245639
3 0.024103468547912992 0.7231763379304363 0.03968253968253967 0.24069737184491286
3 0.10604056437389771 0.7502818978228813 0.09185773074661964 0.41417295515656183
3 0.17070840681951793 0.5865643160725128 0.03453850676072897 0.1821493624772313
3 0.25742210464432685 0.5757220921155347 0.0918577307466196 0.26238181975886893
3 0.3246619635508524 0.847319802237835 0.2851263962375073 0.22009714632665464
3 0.8614785420340975 0.8868939196808049 0.19620811287477946 0.1713071385202533
