1 0.12348090277777776 0.37178441290041875 0.24305555555555552 0.7255125904171424
1 0.3198784722222222 0.06015119377821287 0.12659143518518517 0.10442160221895905
1 0.49240451388888884 0.22874857236090715 0.1953125 0.4155109588296078
1 0.7285879629629629 0.09876543209876543 0.2133969907407407 0.14901832816663946
1 0.7879050925925926 0.28476641105128625 0.08752893518518512 0.19687822918366232
3 0.3101128472222222 0.4653287648882362 0.13310185185185186 0.6907053896774895
3 0.2341579861111111 0.6730842443030403 0.03182870370370372 0.23603633001577204
3 0.20160590277777776 0.7628215587099582 0.033275462962962965 0.05438625115570788
3 0.5104890046296295 0.6959264697884375 0.1533564814814815 0.27084353075542505
3 0.7231626157407407 0.5458204165986839 0.2300347222222222 0.7450916408331973
3 0.9242621527777777 0.5403817914831129 0.14322916666666652 0.8538641431446129
