0 0.3913411238060537 0.03147386421407773 0.02732738203680091 0.03812913065582105
0 0.46421414257085597 0.18803438554328233 0.048148244541030165 0.35818274252437954
0 0.531881945709601 0.28855663909044693 0.06766780313874497 0.27268105559920497
0 0.7104859068786925 0.22674123029994916 0.21406449262160684 0.4425290012478625
0 0.85785857429144 0.2660257891574618 0.0455456367280015 0.1652262328418912
3 0.40337818494131117 0.5184868512270647 0.09954974884834604 0.47141470629015114
3 0.643143429716576 0.7056662199010953 0.05075085235405871 0.06239312289134354
3 0.13693621008250265 0.8142764708601007 0.036436509382401165 0.04621712806766183
3 0.4095593784972542 0.813698756759255 0.09239257736251721 0.04275084346258728
1 0.9522031075137286 0.3729028978139298 0.09109127345600289 0.24032906595184172
