0 0.4232971014492753 0.8026043369292796 0.05579710144927541 0.126402963931568
0 0.4921376811594202 0.9295521412226215 0.03405797101449271 0.07736733137190804
0 0.5501086956521739 0.8440122044241037 0.06304347826086958 0.06756020485997603
0 0.5468478260869565 0.9290073008608477 0.06811594202898552 0.06102212051868812
0 0.6044565217391304 0.8946823580690856 0.05289855072463761 0.07736733137190804
0 0.4968478260869565 0.5988340416258036 0.03333333333333333 0.080636373542552
0 0.4997463768115942 0.6936362645744797 0.042028985507246354 0.05448403617740006
0 0.4714855072463768 0.6876430205949655 0.03333333333333333 0.10134030728996397
0 0.49467391304347824 0.5122044241037376 0.03043478260869563 0.08608477716029199
0 0.4638768115942028 0.4724310776942356 0.02971014492753625 0.09153318077803203
0 0.4863405797101448 0.38144273727797745 0.045652173913043444 0.19723221096218804
0 0.5490217391304348 0.43701645417892554 0.06811594202898552 0.166721150702844
0 0.5711231884057971 0.6505938759943336 0.08478260869565218 0.06864988558352397
0 0.5515579710144927 0.7666448730521956 0.031159420289855102 0.06973956630707205
0 0.5896014492753623 0.7606516290726817 0.020289855072463846 0.07954669281900392
0 0.5671376811594202 0.5585158548545276 0.040579710144927505 0.06973956630707205
0 0.48126811594202895 0.22997711670480545 0.016666666666666666 0.04903563255966001
1 0.7501086956521738 0.3002615233736515 0.4630434782608695 0.5971450365043042
1 0.6580797101449275 0.7197886019396316 0.07318840579710137 0.19614253023864003
3 0.13018115942028985 0.5813991500490355 0.062318840579710134 0.058842759071591956
3 0.2189492753623188 0.5917511169227415 0.05724637681159417 0.06211180124223598
3 0.3153260869565217 0.6990846681922196 0.10072463768115943 0.03269042170644001
3 0.03429347826086956 0.7092731829573935 0.06858695652173911 0.07769423558897229
3 0.10916666666666665 0.6614906832298136 0.08840579710144927 0.07300860847771594
3 0.04322463768115941 0.4953143728887436 0.07246376811594202 0.071918927754168
3 0.09829710144927535 0.4233954451345755 0.036231884057971016 0.07627765064836003
3 0.06315217391304347 0.2784679089026915 0.10362318840579708 0.09807126511932006
3 0.3153260869565217 0.32859322218589954 0.032608695652173905 0.034869783153536026
3 0.27148550724637677 0.4321128909229595 0.03188405797101448 0.18306636155606407
3 0.4435869565217391 0.23106679742835345 0.05869565217391312 0.06864988558352404
3 0.2979347826086956 0.25068105045221745 0.04275362318840578 0.03378010242998802
3 0.6644202898550724 0.9644219243761577 0.07282608695652186 0.06864988558352411
3 0.9041666666666667 0.6172496458537649 0.1900000000000002 0.09131524463332252
3 0.9091666666666667 0.5508880897896916 0.03043478260869563 0.034869783153536026
