0 0.5865217391304347 0.6364914557646548 0.0700483091787439 0.07895306078304132
0 0.6702576489533011 0.6402768764871295 0.052334943639291524 0.06056673155959337
0 0.7821739130434782 0.6721825654337009 0.029790660225442783 0.05515898767034393
0 0.8586634460547503 0.735453168937919 0.04428341384863125 0.04326195111399516
1 0.11832528180354265 0.2590309322950465 0.22383252818035426 0.48561540125459657
1 0.24392914653784215 0.6700194678780013 0.07407407407407403 0.06597447544884273
1 0.061964573268921075 0.6186459009301319 0.10789049919484701 0.13194895089768546
1 0.2970692431561996 0.3926022063595067 0.11433172302737521 0.18170019467877996
1 0.47098228663446057 0.17575167640060566 0.07246376811594202 0.2260436945706251
1 0.43112721417069244 0.4353233830845771 0.09742351046698874 0.12221501189703653
1 0.6605958132045089 0.36231884057971014 0.12479871175523348 0.22279904823707547
