0 0.17954282407407407 0.6863064236111112 0.35734953703703703 0.3548177083333333
0 0.3849826388888889 0.283203125 0.05497685185185185 0.10416666666666667
1 0.1560329861111111 0.4074435763888889 0.09910300925925926 0.21158854166666666
3 0.45732060185185186 0.2945963541666667 0.0853587962962963 0.283203125
3 0.04137731481481482 0.08138020833333333 0.06365740740740741 0.10633680555555555
3 0.15169270833333334 0.1095920138888889 0.08608217592592593 0.10199652777777778
3 0.33543113425925924 0.1340060763888889 0.09765625 0.21375868055555555
3 0.45515046296296297 0.08734809027777778 0.08680555555555555 0.126953125
3 0.6548032407407407 0.3656684027777778 0.1490162037037037 0.3667534722222222
3 0.7958622685185185 0.6038411458333334 0.34577546296296297 0.6976996527777778
