0 0.23941843971631208 0.6960393465355116 0.29716312056737587 0.2329158902803657
0 0.43587234042553186 0.606122979590068 0.07872340425531918 0.15491615027949898
0 0.7011205673758866 0.34774884083719715 0.07446808510638296 0.23183256055813145
1 0.4550212765957446 0.3174156086146379 0.27588652482269505 0.37916540278199073
3 0.4965106382978723 0.8200805997313343 0.03120567375886526 0.0931663561121463
3 0.563177304964539 0.7334142219525934 0.07234042553191489 0.06933310222299253
3 0.7082127659574469 0.6272479091736362 0.12269503546099289 0.108332972223426
3 0.7936737588652483 0.7339558868137106 0.07092198581560281 0.10074966416778615
3 0.8759432624113476 0.6987476708410971 0.028368794326241033 0.054166486111712944
3 0.6784255319148936 0.8222472591758027 0.026241134751773035 0.038999870000433354
3 0.7727517730496454 0.8211639294535684 0.014893617021276593 0.036833210555964814
3 0.8273617021276596 0.8926636911210295 0.01914893617021274 0.06066646444511858
3 0.9358723404255318 0.9560384798717336 0.1156028368794326 0.07041643194522686
