0 0.7707276871561473 0.4186408775232037 0.09874746634790293 0.26394928712057286
0 0.6831171531031207 0.6393197897059779 0.2368454268043687 0.17091798100430539
0 0.3664570448521387 0.4500118993531079 0.2182838729795749 0.28558447458947234
3 0.49750161485518285 0.21094307782176935 0.3081217934915768 0.30072910581770196
3 0.5609821289359775 0.4413578243655481 0.056427123627373094 0.17957205599186515
3 0.8902640937878192 0.11791177170550184 0.14774996844535834 0.22067891218277408
3 0.33156132366152635 0.04813829211830121 0.09652007988892765 0.06598732178014323
3 0.8958325599352573 0.4743514852556198 0.1306733389265482 0.40782328378875404
3 0.39244322020685 0.7588542004716471 0.36826122788390864 0.3385906838882759
3 0.018984757251999086 0.743168689556695 0.026728637507703042 0.11683001233205677
3 0.19346336320506063 0.23960970121806105 0.09948992850089469 0.20445252158109953
