0 0.11943627107561534 0.2883730996050424 0.14128251833169866 0.1049613158037115
0 0.2904932044276306 0.19856083969052643 0.12143290831815425 0.16772169020180708
0 0.6401966279015457 0.2678136666125629 0.24169819251786454 0.12876697505816156
0 0.9204264163280557 0.3116377211491641 0.11793003596282288 0.10171508954174104
0 0.3033370697305123 0.7444678894118919 0.07939844005417776 0.08007358112860467
0 0.5520410069590398 0.7363523237569658 0.05371070944841444 0.04869339392955692
0 0.6518728690859839 0.7758480766109398 0.0665545747512961 0.05626792187415459
1 0.07856942693008266 0.12714386192717633 0.15295875951613655 0.24563112048909808
1 0.33136004857316326 0.07736839257696261 0.16113212834524307 0.14391603094735703
1 0.7423637382653775 0.11253584374830926 0.3876512073233384 0.21425093329005032
1 0.7791438979963569 0.6773792133311692 0.37013684554668164 0.38738300059514147
