0 0.3668282759286346 0.4316219900045434 0.20714694068469866 0.31587373704593147
0 0.6448803522240454 0.6441877068864802 0.26283160215907997 0.16767270288397043
0 0.7710989182326432 0.45433893684688775 0.09503515558294415 0.24015058090478353
3 0.503070081002621 0.2423140996516735 0.27174114799498095 0.35914411198373036
3 0.5539287384825559 0.5030181086519114 0.04826003994446375 0.04976093117846866
3 0.8891504005583316 0.1195344107656693 0.14106780906843266 0.1828173341122001
3 0.3412133316504191 0.04543389368468878 0.1395828847624493 0.08870426862248762
3 0.9058557990006461 0.4727288461954523 0.14923489275134202 0.4435213431124381
3 0.39726922420129634 0.7648038770255945 0.2769383830659233 0.27043984336124277
3 0.012833458314462424 0.7335518487267693 0.025666916628924848 0.1122649877761191
