0 0.7035539568345323 0.2768267313859755 0.5064748201438849 0.51248158100026
3 0.354273381294964 0.4946043165467625 0.19496402877697835 0.23944699661957178
0 0.2003165467625899 0.516815463292017 0.06258992805755395 0.1755222328161567
0 0.2794532374100719 0.48647828724971826 0.01654676258992805 0.06500823437635433
0 0.05319424460431653 0.5498613157666637 0.07194244604316545 0.08342723411632144
3 0.11974100719424459 0.5097729045679119 0.09712230215827339 0.13543382161740486
3 0.03988489208633092 0.7660136950680418 0.06258992805755395 0.0693421166681112
3 0.14168345323741005 0.7595128716304064 0.041726618705035974 0.06067435208459739
3 0.3132661870503597 0.8873623992372366 0.04964028776978415 0.07150905781398981
3 0.06977697841726618 0.9741375574239404 0.13244604316546765 0.045700788766577245
