0 0.746183640920483 0.3133116883116883 0.22946977834195886 0.2824675324675325
0 0.5557725482537512 0.3528138528138528 0.030921459492888312 0.02597402597402597
0 0.6094782410571884 0.3782467532467533 0.0602154737493084 0.029220779220779227
0 0.4841649578491684 0.16883116883116883 0.05045080233050161 0.036796536796536806
0 0.4727728411938938 0.33712121212121215 0.063470364222244 0.029220779220779227
1 0.6835269993164731 0.7299783549783551 0.14321518080916568 0.2997835497835499
3 0.13670539986329458 0.1314935064935065 0.11066627607980986 0.08766233766233766
3 0.4483611626468769 0.7418831168831169 0.05045080233050146 0.029220779220779227
3 0.9016046610031572 0.7516233766233765 0.10741138560687441 0.13528138528138528
3 0.20831299026787747 0.6958874458874459 0.06509780945871164 0.04329004329004325
3 0.20505809979494188 0.44318181818181823 0.10741138560687441 0.07683982683982686
3 0.31653809849298564 0.2224025974025974 0.10252904989747101 0.059523809523809534
