0 0.7219783393501805 0.5751238603224164 0.08736462093862815 0.13768280916295356
0 0.7902093862815884 0.5940959009551067 0.0505415162454874 0.03902819787296326
0 0.8227003610108303 0.469964549386932 0.06209386281588445 0.10082284450515495
0 0.839667870036101 0.5783762101451632 0.042599277978339276 0.06613111306252101
1 0.7219783393501805 0.19785128088377185 0.14079422382671475 0.348001431033922
1 0.5125920577617328 0.3073470582495853 0.27220216606498193 0.2937956006548064
1 0.9425559566787003 0.18972040632690454 0.10397111913357401 0.1387669257705359
1 0.3237833935018051 0.2634403356425017 0.07075812274368229 0.1517763250615236
3 0.17540794223826714 0.5702453355882958 0.2635379061371841 0.17129042399800526
3 0.3750469314079422 0.5729556271072517 0.0635379061371841 0.12684164308713047
3 0.39706859205776174 0.7453301677128392 0.035379061371841145 0.03794408126538093
3 0.3288375451263538 0.08781344521416724 0.6339350180505414 0.1409351589857005
3 0.5782960288808664 0.2092345052633861 0.11624548736462088 0.06504699645493868
3 0.8814693140794223 0.06210361986535271 0.23306137184115527 0.12203900651554082
