0 0.07314201618837379 0.16204029871776807 0.1368653421633554 0.144156252370991
0 0.18572479764532746 0.2557960568387509 0.08682855040470934 0.1409046075806679
0 0.292420897718911 0.38586184845167515 0.10596026490066221 0.11922697564518053
0 0.4171449595290655 0.48937254094362725 0.1376011773362767 0.12464638362905245
0 0.5227373068432671 0.5527796143549278 0.07064017660044158 0.18859539783874013
0 0.6408388520971303 0.6644194188226878 0.08314937454010306 0.12356250203227802
0 0.7269315673289183 0.7121102090807601 0.09050772626931575 0.16041447632260653
0 0.8442972774098602 0.7988207368227095 0.072111846946284 0.08671052774194951
0 0.904635761589404 0.8530148166614281 0.05150846210448852 0.032516447903231056
3 0.11618837380426784 0.5657861935162203 0.03311258278145693 0.06069736941936458
3 0.16769683590875642 0.5484440879678304 0.038999264164827074 0.06720065900001088
3 0.24532744665194994 0.5538634959517023 0.026490066225165566 0.073703948580657
3 0.39323031640912437 0.5571151407420253 0.0765268579838116 0.07153618538710832
