0 0.6631335740072202 0.5599462278162638 0.23682310469314075 0.480263657158964
0 0.6151191335740073 0.8494053620407411 0.026714801444043246 0.035775848050216275
0 0.7093429602888086 0.8293492048004684 0.03754512635379058 0.05203759716395101
1 0.6941805054151624 0.1886362897193222 0.25270758122743675 0.3252349822746935
1 0.9360577617328519 0.6255352825749938 0.10541516245487355 0.2710291518955779
3 0.08046209386281589 0.4455719257163301 0.06787003610108304 0.15611279149185286
3 0.16818772563176895 0.601684717208183 0.09747292418772566 0.15177632506152364
3 0.3208953068592058 0.5545256447783523 0.11985559566787003 0.1615333745297644
3 0.4071768953068592 0.5642826942465932 0.03393501805054154 0.13985104237811813
3 0.4609675090252707 0.5003198143992368 0.05198555956678701 0.1615333745297644
3 0.2523032490974729 0.11274812718856041 0.1487364620938628 0.21248685508613305
3 0.4804620938628159 0.19730922257998068 0.27725631768953074 0.11491636040372502
3 0.41800722021660647 0.08672932860658492 0.08447653429602883 0.15394455827668826
3 0.9648628158844765 0.25239318741123795 0.06627436823104699 0.13185026181416074
