0 0.20964496657363538 0.2713582106133735 0.13889790355033427 0.40858648825468147
0 0.37385603946258195 0.2972806162126131 0.11812812358019086 0.40364888718815967
0 0.5650029207503083 0.38368863487674515 0.261569416498994 0.17898803866141638
0 0.6818329330823651 0.50465986100653 0.0863243980009087 0.13454962906271992
0 0.7775686376322452 0.4484946488748442 0.04543389368468882 0.09628322079717569
0 0.18790160316739146 0.6929059016676747 0.07204517427143506 0.07159521546456644
0 0.39138054131239053 0.7033983039340337 0.04283767118842084 0.06295441359815329
0 0.5179463880054521 0.6836478996679464 0.18692801973129095 0.05307921146510963
0 0.6432141234503798 0.6854995000678921 0.035049003699617005 0.05431361173174013
0 0.5750632829233466 0.539840268605498 0.09086778736937755 0.07900161706434929
1 0.5604595313818395 0.1448321832837516 0.28233919646913747 0.24934885385935246
1 0.29272408645420916 0.10224537408500081 0.10255078860258324 0.17651923812815545
