0 0.17662824207492797 0.6538319863058222 0.2716138328530259 0.31526944161556625
0 0.099178674351585 0.406275053628307 0.18443804034582134 0.18417802431149924
0 0.2429106628242075 0.38948235141167037 0.0670028818443804 0.09425581244176723
0 0.41618155619596536 0.39002405148317476 0.07060518731988473 0.07367120972459969
0 0.5069596541786743 0.3629390479079543 0.09798270893371758 0.13000801716105823
0 0.6103458213256484 0.39869125262724536 0.05979827089337185 0.08667201144070553
0 0.6762680115273776 0.3981495525557409 0.06195965417867441 0.08342181101167907
0 0.7522766570605186 0.4225260557734394 0.08285302593659935 0.09533921258477605
0 0.8318876080691642 0.42360945591644816 0.05187319884726236 0.08233841086867025
0 0.8913256484149855 0.42685965634547457 0.0353025936599424 0.05850360772247618
0 0.9338328530259364 0.43877705791857163 0.02089337175792508 0.036835604862299816
1 0.7137319884726224 0.28872613811185016 0.05331412103746402 0.13542501787610234
1 0.7861383285302594 0.33152044376069856 0.04827089337175792 0.08883881172672317
1 0.46733429394812676 0.24268163203397541 0.09510086455331411 0.1560096205932699
1 0.6323198847262248 0.2719334358952135 0.09221902017291057 0.12350761630300532
