0 0.6262626262626263 0.5286796536796536 0.22510822510822512 0.4751082251082251
3 0.5025252525252525 0.5854978354978355 0.06709956709956715 0.09740259740259735
3 0.15115440115440112 0.39718614718614714 0.019480519480519452 0.08658008658008659
3 0.23160173160173161 0.43452380952380953 0.06060606060606062 0.1352813852813853
3 0.31637806637806637 0.4253246753246753 0.03679653679653679 0.08225108225108224
3 0.3701298701298701 0.4242424242424242 0.053391053391053385 0.06493506493506487
3 0.11507936507936509 0.6580086580086579 0.12626262626262627 0.4220779220779221
3 0.24206349206349204 0.7521645021645021 0.15945165945165943 0.45887445887445893
3 0.44456709956709956 0.7681060606060606 0.15753246753246755 0.4604545454545454
1 0.8531746031746033 0.7012987012987012 0.16522366522366522 0.24458874458874458
1 0.6212121212121211 0.15692640692640694 0.531024531024531 0.2792207792207792
