0 0.1093302915474441 0.21570880395430012 0.08120021653391073 0.0498623365924513
0 0.28719743252648683 0.20649511132308626 0.08506689351171612 0.05094630043141761
0 0.45733121954991884 0.2059531294036031 0.16626711004562664 0.08671710711730654
0 0.20503054674812468 0.31489149521971943 0.12180032480086599 0.08563314327834028
0 0.6554984146624392 0.2986320376352245 0.20686721831258212 0.07262557721074427
0 0.41866444977186607 0.5203026427038394 0.13920037120098971 0.052030264270383944
0 0.7772987394633054 0.46231057731914066 0.43500116000309336 0.23738808073362677
1 0.5404647745727322 0.10351854662128471 0.44080117546980113 0.19186159949704076
1 0.818865516974712 0.15554881089166867 0.297734127291006 0.267739068224684
1 0.885565694841853 0.34957833806664207 0.18753383342355578 0.10297656470180153
1 0.5984649292398114 0.3772194159602836 0.1817338179568478 0.09322089015110453
