0 0.07532467532467532 0.4900685228554081 0.04329004329004328 0.05421111978489022
0 0.3292929292929293 0.5323531962876225 0.07503607503607503 0.10191690519559377
0 0.6702020202020201 0.5806010928961749 0.023809523809523874 0.09866423800850023
0 0.6619047619047619 0.7605820105820107 0.02308802308802311 0.040116228640818846
0 0.5983838383838384 0.9773180674820019 0.04323232323232322 0.03989938416167918
0 0.65 0.3816462832856275 0.07720057720057721 0.17130713852025325
0 0.8671717171717171 0.278645155694336 0.06277056277056266 0.07589556769884641
1 0.15865800865800866 0.24774481741694854 0.23015873015873012 0.44127851504900684
1 0.45699855699855696 0.16913869372885765 0.12987012987012986 0.26671870934166014
1 0.4205627705627705 0.4195940671350507 0.08008658008658007 0.1821493624772313
1 0.7506493506493506 0.195160031225605 0.1471861471861472 0.30791916037817674
3 0.7780663780663781 0.942189261861393 0.19624819624819628 0.07806401249024196
