0 0.6702482269503546 0.37897244328948076 0.07446808510638306 0.25120459098045583
0 0.9138652482269504 0.18623788641654485 0.10354609929078018 0.2078934546045152
3 0.22826241134751774 0.7066211899734719 0.4401418439716312 0.5816685615288831
3 0.8890425531914893 0.8256185371663688 0.09787234042553204 0.13318174435601754
3 0.7184751773049646 0.752530994531969 0.1553191489361702 0.07796004547669325
3 0.5872695035460993 0.6810676195116669 0.06453900709219852 0.09528450002706941
3 0.5390425531914893 0.7839315684045258 0.1794326241134752 0.09528450002706941
3 0.5688297872340425 0.8689296735423095 0.07304964539007093 0.07471171024849774
3 0.7854964539007092 0.5316441990146716 0.17730496453900713 0.10178117048346055
3 0.09932624113475177 0.3795138324941801 0.08439716312056739 0.07687726706729467
