0 0.08433333333333334 0.12878787878787878 0.106 0.07142857142857141
0 0.20733333333333334 0.1498917748917749 0.07866666666666669 0.0854978354978355
0 0.31133333333333335 0.2088744588744589 0.10266666666666668 0.08658008658008659
0 0.41 0.21807359307359309 0.05733333333333337 0.048701298701298724
0 0.5103333333333333 0.19480519480519481 0.12066666666666663 0.11038961038961038
0 0.717 0.24296536796536794 0.06333333333333326 0.07900432900432901
0 0.48233333333333334 0.5643939393939393 0.13666666666666663 0.25216450216450215
0 0.37266666666666665 0.6623376623376623 0.042666666666666686 0.04978354978354972
0 0.30666666666666664 0.7294372294372294 0.058666666666666686 0.12337662337662338
1 0.4083333333333334 0.4107142857142857 0.08333333333333331 0.24134199134199133
