0 0.5104379420807086 0.39218660281897666 0.21176875282179178 0.09317140287964634
0 0.41960312170790953 0.5909883752424081 0.12469632145851697 0.07908735360714175
1 0.34758024638273166 0.4106042057137904 0.128996194612259 0.3228497448620305
1 0.5684862296562251 0.254054581107873 0.20961881624492074 0.12892322026369674
1 0.8194913250059122 0.1348818564943718 0.33968997914561516 0.19826007822064287
3 0.5942854685786768 0.6159063085706856 0.061273192440822966 0.03358504057289578
3 0.6652333756154193 0.6175313911790515 0.050523509556468164 0.023834544922700228
3 0.76520542643992 0.6240317216125153 0.03547395351837112 0.030334875356163905
3 0.35349257196912687 0.5931551520535627 0.029024143787758267 0.024917933328277544
3 0.18794745555006126 0.6310737462487677 0.2569174209360824 0.11158900577446021
3 0.3755294218820544 0.752954941876212 0.04729860469116159 0.04983586665655509
3 0.46152688495689376 0.7567468012957325 0.06019822415238744 0.053086031873286886
3 0.014157332358695414 0.28177849040659564 0.028314664717390827 0.05180763355470568
3 0.5399995700126846 0.7648722143375621 0.03439898522993559 0.034668428978473095
3 0.6007352783092899 0.7578301897013098 0.039773826672113065 0.046585701439823136
3 0.7093070754412745 0.7605386607152529 0.02687420721088722 0.036835205789627734
3 0.7856298239201942 0.7762477925961235 0.06987293874830686 0.06175313911790513
