0 0.44508303249097475 0.4200951854381457 0.2180505415162455 0.29596383386997105
0 0.295985559566787 0.6363764486508169 0.1191335740072202 0.21682332151646233
0 0.4461660649819495 0.8336856712307976 0.4050541516245488 0.08889756182174961
0 0.6335306859205776 0.3523378974642512 0.08375451263537911 0.09540226146724337
0 0.6873212996389891 0.5409741871835735 0.03393501805054154 0.049869363948786355
0 0.7588014440433212 0.7079281447512494 0.1898916967509025 0.2775338515410717
0 0.6263104693140794 0.6867878709033944 0.05631768953068592 0.04878524734120403
0 0.4909314079422383 0.7057599115360847 0.0685920577617328 0.05420583037911558
0 0.5602454873646209 0.7334048850294338 0.023826714801444042 0.02059821554406387
0 0.18190613718411552 0.866209169458267 0.03249097472924188 0.030355265012304813
1 0.7736028880866426 0.26398239394629286 0.40866425992779776 0.5127871553864333
1 0.28912635379061374 0.42768400169122195 0.11552346570397111 0.1658698409600937
1 0.9118700361010831 0.6748625882199889 0.10613718411552338 0.20272980561789225
