0 0.231171875 0.4232638888888889 0.08463541666666669 0.061342592592592574
0 0.3324088541666667 0.6090277777777777 0.06445312500000004 0.2314814814814815
0 0.23833333333333337 0.6987268518518519 0.11458333333333331 0.09606481481481485
3 0.24940104166666668 0.8451388888888889 0.21223958333333337 0.2523148148148149
3 0.5296744791666668 0.8723379629629631 0.18033854166666663 0.1423611111111111
3 0.5238151041666668 0.7236111111111111 0.050130208333333356 0.043981481481481524
3 0.012747395833333333 0.7450231481481482 0.022786458333333336 0.040509259259259175
3 0.06743489583333334 0.741550925925926 0.037109375 0.047453703703703616
3 0.10356770833333334 0.7351851851851853 0.013020833333333322 0.02546296296296292
3 0.37407552083333334 0.7473379629629631 0.017578125 0.03819444444444445
0 0.176484375 0.4527777777777778 0.03125 0.05324074074074076
1 0.545625 0.23865740740740743 0.47005208333333337 0.4398148148148149
