0 0.4144401041666667 0.5841435185185186 0.173828125 0.26041666666666674
3 0.6621614583333334 0.4892361111111111 0.06250000000000007 0.07523148148148145
3 0.7757682291666668 0.5471064814814816 0.048828125 0.08680555555555555
3 0.9124869791666668 0.5413194444444445 0.051432291666666574 0.09837962962962965
3 0.7816276041666668 0.6778935185185186 0.07877604166666657 0.03125
3 0.7770703125 0.7936342592592593 0.09049479166666671 0.040509259259259175
3 0.8486848958333334 0.9498842592592593 0.064453125 0.0752314814814814
3 0.9144401041666668 0.659375 0.07486979166666657 0.019675925925925968
3 0.9137890625 0.7803240740740741 0.08919270833333329 0.050925925925925965
3 0.6595572916666668 0.6084490740740741 0.07291666666666664 0.06597222222222222
3 0.6631380208333334 0.7056712962962964 0.07486979166666671 0.09143518518518515
3 0.6631380208333334 0.7924768518518519 0.08138020833333329 0.028935185185185144
0 0.4339713541666667 0.7629629629629631 0.042317708333333356 0.04861111111111111
