0 0.33785714285714286 0.6352813852813852 0.2272727272727273 0.2575757575757575
0 0.2970923520923521 0.8668831168831168 0.1067821067821068 0.19264069264069264
0 0.5088528138528138 0.5362554112554112 0.02669552669552663 0.10714285714285715
0 0.5387950937950937 0.6569264069264069 0.049062049062049105 0.1298701298701298
1 0.4940620490620491 0.3717532467532467 0.0880230880230881 0.2196969696969697
3 0.7667893217893218 0.5254329004329005 0.06060606060606053 0.10064935064935071
3 0.7519985569985569 0.3852813852813853 0.06998556998556997 0.1536796536796537
3 0.8515367965367965 0.7323863636363636 0.29359307359307363 0.5102272727272728
1 0.5828066378066378 0.4128787878787879 0.05916305916305911 0.10281385281385283
1 0.5961544011544011 0.5773809523809524 0.04689754689754693 0.10281385281385276
1 0.4612337662337662 0.13365800865800867 0.12481962481962483 0.19805194805194806
1 0.32523088023088026 0.2121212121212121 0.2005772005772006 0.16883116883116883
