0 0.8116161616161617 0.28135571168358053 0.30375180375180383 0.3805620608899297
0 0.7748196248196247 0.8332249110937636 0.23593073593073594 0.2266024807008414
0 0.7030303030303031 0.5545797553994275 0.059163059163059147 0.1181802411310608
0 0.9631313131313131 0.5665062017521034 0.045454545454545456 0.08131667967733541
0 0.6323232323232323 0.6429438806487987 0.05483405483405477 0.12360135310954984
0 0.32821067821067823 0.5730115361262902 0.038239538239538226 0.15070691300199496
0 0.4584415584415584 0.5394006418596583 0.08369408369408378 0.05312689738919243
0 0.5132756132756132 0.6017434296122821 0.04906204906204907 0.09107468123861562
0 0.58001443001443 0.5843958712811171 0.04112554112554108 0.09107468123861562
0 0.3090909090909091 0.4445311822361003 0.07647907647907645 0.0824009020730332
1 0.1673160173160173 0.1767282504987423 0.29365079365079366 0.3274351635007373
1 0.7943001443001444 0.6830601092896175 0.08297258297258302 0.17564402810304455
1 0.37727272727272726 0.819672131147541 0.07720057720057721 0.13010668748373658
1 0.12258297258297256 0.5047055251973285 0.07287157287157287 0.2526238181975887
1 0.7564213564213564 0.07155867811605518 0.2525252525252526 0.10408534998698933
3 0.13304473304473302 0.9383944834764507 0.19913419913419914 0.11167490675687405
