3 0.2446902539839343 0.13584882280049565 0.0864377258429303 0.14250309789343246
3 0.05914160189253126 0.1420446096654275 0.045493539917331745 0.08302354399008673
3 0.13193126576026204 0.11973977695167287 0.05199261704837914 0.08302354399008675
3 0.3090311175813035 0.10363073110285008 0.05004289390906491 0.0855018587360595
3 0.8874489822445214 0.06211895910780669 0.08383809499051144 0.10408921933085503
3 0.7698156861725636 0.07079306071871128 0.06564067902357858 0.0718711276332094
3 0.6635557750799387 0.08442379182156133 0.0844880027036161 0.10904584882280048
3 0.5585956794135233 0.07760842627013631 0.07083994072841655 0.09789343246592318
3 0.47118309200093594 0.06583643122676579 0.07668911014635924 0.09913258983890955
0 0.44453687576364154 0.7052416356877322 0.6239114045805495 0.5353159851301116
