0 0.5368923611111112 0.3657375346260388 0.28501157407407407 0.6211045706371191
1 0.734375 0.10550121191135733 0.23148148148148148 0.19368940443213298
1 0.8964120370370371 0.13796312326869806 0.18229166666666666 0.24995671745152354
3 0.23668981481481483 0.3673606301939058 0.078125 0.0811547783933518
3 0.028356481481481483 0.3424731648199446 0.023148148148148147 0.035708102493074795
3 0.17881944444444445 0.2618594182825485 0.31539351851851855 0.054103185595567864
3 0.8631365740740741 0.3294884002770083 0.2517361111111111 0.05951350415512465
3 0.9477719907407407 0.5599679709141274 0.07378472222222222 0.07682652354570638
3 0.18822337962962962 0.5545576523545707 0.25028935185185186 0.18936114958448755
3 0.42476851851851855 0.7715114265927978 0.16203703703703703 0.13850415512465375
