0 0.6815421455938697 0.23374201787994892 0.1369731800766284 0.08045977011494254
0 0.8295306513409962 0.24715197956577267 0.0881226053639847 0.06641123882503192
3 0.2509865900383142 0.5728224776500638 0.09386973180076628 0.04597701149425291
3 0.20836206896551726 0.6520051085568327 0.05651340996168585 0.05363984674329509
3 0.5824042145593871 0.5517496807151979 0.06321839080459778 0.07024265644955298
3 0.6700478927203065 0.555581098339719 0.05842911877394632 0.05491698595146867
3 0.6762739463601533 0.6692464878671776 0.04406130268199235 0.06513409961685813
3 0.5148754789272031 0.6583908045977012 0.043103448275862113 0.05619412515964238
3 0.6073084291187739 0.6705236270753512 0.04214559386973178 0.06257982120051085
3 0.571388888888889 0.700536398467433 0.020114942528735563 0.02809706257982119
3 0.3055842911877395 0.671162196679438 0.028735632183908042 0.035759897828863435
3 0.3884386973180077 0.5313154533844189 0.043103448275862016 0.04214559386973178
3 0.028764367816091957 0.4693742017879949 0.02681992337164751 0.038314176245210725
3 0.19734674329501917 0.6967049808429119 0.019157088122605376 0.030651340996168477
3 0.13987547892720306 0.6686079182630907 0.019157088122605356 0.04342273307790543
