0 0.38766278599147685 0.30510605551521197 0.24998214413256195 0.2872223968438052
0 0.5190026109246165 0.44709146678516853 0.09999285765302475 0.06394762797654535
0 0.5840773278099184 0.5435548378006352 0.04126689363458172 0.05094133076097679
0 0.6435968859367188 0.5538514897629603 0.030156576117579034 0.05636062126746364
0 0.7213691085557381 0.5543934188136089 0.058725964018443114 0.0531090469635716
0 0.6820862001920498 0.23573913703217977 0.2023664976311216 0.4346270986202487
1 0.5170186256537231 0.22381669791790856 0.15633803934639592 0.40644678798651684
1 0.6332801625280734 0.03739310449475955 0.08094659905244865 0.042270465950597746
3 0.14402939472577359 0.6844563909692943 0.24204620304898863 0.2113523297529887
3 0.49876596116150435 0.6221345501446951 0.4293344126213207 0.06286376987524796
3 0.4122642033505544 0.7115528435017288 0.15316366291296657 0.20701689734779932
3 0.6439936829908975 0.7484040189458396 0.13887896896253443 0.21568776215817823
3 0.49400439651136036 0.9478339095845573 0.027775793792506838 0.04660589835578729
3 0.7614456110277839 0.869796126291146 0.04206048774293896 0.059612195571355796
