0 0.5629870129870129 0.7308629936616283 0.046753246753246665 0.07801072647489031
0 0.4785714285714285 0.7381764992686494 0.04675324675324677 0.06094588005850806
1 0.4048701298701298 0.2402486591906387 0.11363636363636363 0.23037542662116037
1 0.5058441558441558 0.5852023403217942 0.08181818181818176 0.18405655777669436
3 0.1779220779220779 0.5754509995124328 0.1051948051948052 0.05241345685031693
3 0.22077922077922077 0.9600195026816185 0.033766233766233736 0.041443198439785556
3 0.4314935064935065 0.6382252559726962 0.03441558441558439 0.07801072647489031
3 0.6292207792207792 0.6632130667966845 0.07142857142857141 0.1328620185275476
3 0.7249999999999999 0.7479278400780106 0.043506493506493535 0.11214041930765481
3 0.8357142857142856 0.7826669917113602 0.055844155844155856 0.1621160409556314
3 0.8035714285714285 0.8740858117991223 0.09155844155844162 0.15967820575329114
1 0.5272727272727272 0.1811311555338859 0.10259740259740252 0.19990248659190635
