0 0.14641319942611192 0.4957828719723183 0.1413199426111908 0.20220588235294112
0 0.11951219512195121 0.7515138408304499 0.0774748923959828 0.129757785467128
0 0.4746054519368723 0.35034602076124566 0.17073170731707318 0.22275086505190314
0 0.6152080344332855 0.3995458477508651 0.11908177905308455 0.12435121107266438
0 0.723170731707317 0.2081531141868512 0.07962697274031559 0.05730968858131485
0 0.7622668579626972 0.3822448096885813 0.10616929698708759 0.12435121107266438
0 0.8583931133428983 0.24491782006920418 0.07030129124820658 0.18274221453287195
0 0.9215208034433287 0.2508650519031142 0.035868005738880875 0.12110726643598614
0 0.14784791965566715 0.055687716262975785 0.06671449067431852 0.10488754325259517
0 0.07826398852223818 0.04379325259515571 0.033715925394548055 0.08758650519031141
0 0.24791965566714494 0.23734861591695502 0.09899569583931131 0.2757352941176471
0 0.24899569583931136 0.5806660899653979 0.07101865136298423 0.35899653979238755
