0 0.42778645833333334 0.6802536231884059 0.1705729166666667 0.16530797101449268
0 0.6676953125 0.2732110507246377 0.134765625 0.25701992753623193
0 0.5407421875 0.4911684782608696 0.2115885416666667 0.19248188405797106
1 0.860078125 0.20131340579710147 0.2265625 0.348731884057971
1 0.7230338541666668 0.4917346014492754 0.12174479166666657 0.16870471014492752
1 0.6152864583333334 0.7000679347826086 0.1536458333333333 0.17323369565217392
3 0.4339713541666667 0.8048007246376813 0.064453125 0.07019927536231889
3 0.08794270833333334 0.8280117753623188 0.026041666666666678 0.050951086956521736
3 0.2321484375 0.7838541666666667 0.025390625 0.053215579710144845
3 0.6634635416666668 0.9508605072463769 0.02994791666666657 0.03849637681159416
3 0.8610546875 0.8800951086956522 0.030598958333333287 0.22078804347826086
