0 0.02966666666666666 0.8583783783783785 0.048666666666666664 0.0281081081081082
0 0.094 0.8302702702702702 0.027999999999999994 0.032432432432432434
0 0.19566666666666668 0.8043243243243244 0.05533333333333334 0.04972972972972982
0 0.2786666666666667 0.7756756756756756 0.04799999999999997 0.0356756756756758
0 0.36433333333333334 0.7967567567567566 0.056666666666666664 0.045405405405405434
0 0.45133333333333325 0.8124324324324325 0.06533333333333331 0.04216216216216207
0 0.5953333333333333 0.9400000000000001 0.21333333333333335 0.04432432432432426
0 0.753 0.9037837837837838 0.07666666666666666 0.04756756756756748
0 0.9741666666666666 0.7454054054054055 0.04833333333333333 0.03351351351351345
0 0.724 0.7659459459459459 0.02666666666666667 0.014054054054054023
1 0.5893333333333334 0.4221621621621621 0.31333333333333335 0.21513513513513513
1 0.3616666666666667 0.7027027027027027 0.18600000000000003 0.12972972972972974
1 0.358 0.46216216216216216 0.11866666666666664 0.21729729729729724
1 0.1 0.4572972972972973 0.08533333333333333 0.0908108108108108
