0 0.01258116883116883 0.34848484848484845 0.021915584415584402 0.07575757575757577
0 0.08279220779220779 0.2792207792207792 0.09902597402597403 0.1904761904761905
0 0.22118506493506496 0.3246753246753247 0.1274350649350649 0.20129870129870128
0 0.20616883116883117 0.47781385281385286 0.09090909090909094 0.05519480519480519
0 0.3648538961038961 0.5389610389610389 0.19561688311688313 0.17532467532467527
0 0.6266233766233766 0.6185064935064934 0.2305194805194805 0.21536796536796543
0 0.8652597402597402 0.47997835497835495 0.24675324675324675 0.36038961038961037
0 0.4776785714285714 0.41558441558441556 0.2978896103896104 0.12337662337662342
0 0.5357142857142857 0.47835497835497826 0.05357142857142861 0.03463203463203465
0 0.32508116883116883 0.2981601731601732 0.07386363636363633 0.08766233766233764
0 0.5689935064935066 0.2597402597402597 0.20292207792207798 0.1471861471861472
1 0.1075487012987013 0.10714285714285712 0.14204545454545456 0.18614718614718614
1 0.5462662337662337 0.14393939393939392 0.10389610389610389 0.12337662337662338
