0 0.19355444305381728 0.6985727919486378 0.2127659574468085 0.35463300364393535
0 0.299546307884856 0.8623329862918618 0.15409887359198995 0.04880270692347724
0 0.467334167709637 0.5001084504598299 0.20025031289111392 0.2179854242581989
1 0.3288798498122653 0.48600989068193645 0.1892991239048811 0.2136474058650009
1 0.5932728410513141 0.31303140725316675 0.4568210262828536 0.2689571403782752
1 0.8361545682102628 0.44371421134825606 0.1165519399249062 0.12038001041124416
1 0.9640488110137672 0.26477095262883915 0.06883604505632045 0.1333940655908381
1 0.6100907384230289 0.10534877667881311 0.4059762202753442 0.15725316675342702
3 0.7497183979974967 0.9138469547110879 0.07822277847309134 0.16267568974492447
3 0.9178973717146433 0.9257765052923824 0.13297872340425532 0.09977442304355384
