0 0.46890974729241874 0.39028197872963216 0.19494584837545126 0.32740321548985807
0 0.7916534296028881 0.4574972083997355 0.09819494584837549 0.1691221907828406
0 0.5494151624548737 0.6130679415877972 0.10180505415162452 0.057458180201862476
0 0.5562743682310469 0.7529189839659154 0.1270758122743682 0.0769722791383441
0 0.6458050541516245 0.7718910245986059 0.03176895306859205 0.0368599646577986
1 0.188043321299639 0.257477694300799 0.36101083032490977 0.4932730564499518
1 0.6320866425992779 0.25151505295909626 0.212274368231047 0.4726748409058879
1 0.8671046931407942 0.21411302999750653 0.2332129963898917 0.3913660953372145
3 0.20825992779783395 0.5653668108541755 0.28736462093862813 0.10515931093548418
3 0.2613285198555957 0.6970869786754263 0.046931407942238254 0.06504699645493868
