0 0.3189935064935065 0.29545454545454547 0.2711038961038961 0.18831168831168832
0 0.1663961038961039 0.3625541125541126 0.0779220779220779 0.07575757575757577
0 0.5491071428571429 0.5016233766233765 0.17775974025974028 0.369047619047619
0 0.5653409090909091 0.8041125541125541 0.19886363636363633 0.18398268398268405
0 0.6899350649350648 0.8436147186147186 0.04220779220779221 0.09199134199134203
0 0.6773538961038961 0.545995670995671 0.07873376623376614 0.2673160173160173
0 0.830762987012987 0.28030303030303033 0.1095779220779221 0.13852813852813856
3 0.3039772727272727 0.531926406926407 0.2021103896103896 0.11580086580086582
3 0.13271103896103895 0.5362554112554112 0.059253246753246745 0.08982683982683985
1 0.5608766233766234 0.15584415584415584 0.20454545454545447 0.2316017316017316
