0 0.09526353790613717 0.5859650263982394 0.09747292418772564 0.10515931093548427
0 0.17721299638989169 0.6314979239166965 0.059205776173285186 0.0769722791383441
0 0.1988736462093863 0.5577779946010993 0.02888086642599279 0.05095348055636868
0 0.2710758122743682 0.5550677030821436 0.036101083032490974 0.028187031797140074
0 0.27576895306859206 0.6553484892835073 0.06137184115523462 0.06179464663219178
0 0.3822671480144404 0.6412549733849373 0.10685920577617326 0.0769722791383441
0 0.5111480144404332 0.6840775793844386 0.1509025270758123 0.07805639574592643
0 0.7143971119133573 0.7366572348521807 0.1472924187725631 0.14852397523877658
0 0.8699927797833934 0.7610498585227827 0.07725631768953065 0.0845610953914203
3 0.5796494845360824 0.197104320815661 0.04742268041237117 0.06191758769078358
