0 0.5077173913043477 0.6303531588398541 0.09565217391304344 0.2840507155683735
0 0.561340579710145 0.4279262121129672 0.11014492753623188 0.20133862980900033
0 0.6011956521739129 0.578658105240246 0.06666666666666667 0.0805354519236002
0 0.5888768115942029 0.7146977199760569 0.06521739130434781 0.16977743919029223
0 0.46025362318840574 0.8360450563204004 0.013768115942028961 0.05550416281221089
0 0.5841666666666666 0.8697828807748814 0.08043478260869563 0.146922783914676
0 0.5030072463768115 0.846384067040322 0.04855072463768115 0.05223921205855147
3 0.18815217391304345 0.5677749360613811 0.06666666666666664 0.09794852260978396
3 0.1580797101449275 0.6488545464439245 0.06159420289855071 0.059857430483756885
3 0.07076086956521738 0.7049028677150786 0.036231884057971016 0.054415845894324466
3 0.0751086956521739 0.30276976655602106 0.12608695652173912 0.09903683952767045
3 0.414963768115942 0.6929313816183272 0.0594202898550725 0.0631223812374163
3 0.3327173913043478 0.6983729662077597 0.0297101449275362 0.047885944387005476
3 0.41061594202898544 0.7740109920008705 0.05652173913043479 0.062034064319529875
3 0.30663043478260865 0.43445611362028613 0.03405797101449271 0.1991619959732274
3 0.47221014492753616 0.24835392066169665 0.03623188405797104 0.05768079664798389
3 0.12438405797101448 0.22604342384502363 0.03333333333333333 0.05006257822277844
3 0.8830797101449275 0.6499428633618108 0.13188405797101438 0.05768079664798396
