0 0.3982077205882353 0.6066176470588235 0.07611443014705882 0.08866782006920418
0 0.5877757352941175 0.4660467128027681 0.14073988970588236 0.33304498269896193
0 0.5802360983455882 0.6585207612456747 0.045237821691176405 0.034602076124567435
0 0.699075137867647 0.6687932525951557 0.04308363970588236 0.05082179930795848
0 0.6585047104779411 0.5249783737024222 0.05385454963235303 0.03135813148788926
0 0.7421587775735294 0.6282439446366782 0.033030790441176516 0.03676470588235294
0 0.7687270220588235 0.6671712802768165 0.021541819852941124 0.025951557093425576
0 0.833352481617647 0.6568987889273356 0.06318933823529416 0.05947231833910034
1 0.857766544117647 0.3606185121107266 0.2197265625 0.2562716262975778
1 0.8513039981617646 0.13029844290657439 0.13212316176470584 0.13300173010380623
