0 0.7577345994787916 0.3991692088011943 0.10394470141884517 0.2769303996019125
0 0.6467365076065249 0.6436468271997577 0.25169466986420364 0.1471192747885161
0 0.36608581377564287 0.43270374937798833 0.21457156221461618 0.3266913307803812
3 0.5049262363851003 0.20228900283420959 0.29921224765567583 0.33750892451483094
3 0.5528150452530682 0.45974773371411265 0.07127636668720812 0.17308149975119533
3 0.8884079384053398 0.1638865450769131 0.14849243059835035 0.3104649401787067
3 0.8921202491702985 0.5030181086519114 0.17225121949408628 0.39808744942774926
3 0.016917000155917055 0.7448778693667382 0.03383400031183411 0.11341165271197073
3 0.16302241493239886 0.6696090521624369 0.12473364170261422 0.26394928712057286
3 0.35160780179230366 0.7561498020380347 0.24798235909924496 0.31803725579282144
3 0.5194042483684395 0.781030267627269 0.11730902017269663 0.263949287120573
3 0.6604720574368721 0.8724389346833691 0.1336431875385152 0.06815084052703313
