0 0.1314159900921976 0.5534775302217163 0.205036466217146 0.3393505719087115
0 0.340924728223476 0.5919661733615222 0.20434842438420256 0.2645416598904971
0 0.5050227053804872 0.55022496882962 0.11146277693683782 0.1550387596899224
0 0.6192376496490987 0.4277118230606603 0.13623228292280168 0.18973274787228275
1 0.2624879592679235 0.22225836179324554 0.5235998348699601 0.4336748522795034
3 0.26283198018439524 0.833197809941996 0.42245768542727397 0.23526860736163066
0 0.49298197330397686 0.7437523716593484 0.01857712948947294 0.14528107551363362
3 0.6023806247419843 0.7952512603675395 0.07086830879317466 0.3285087006017239
3 0.6815054355304803 0.848918523337128 0.07086830879317466 0.2688784084132922
3 0.8590202284298887 0.7573047107930829 0.2786569423420944 0.4694530275925625
3 0.016513003990642632 0.8060931316745271 0.02614558965185083 0.10082940315498455
3 0.0223613595706619 0.9376863446630889 0.0447227191413238 0.08050089445438281
1 0.5961882482454933 0.17943297013064455 0.11627906976744191 0.24394210440722075
