0 0.12582972582972585 0.133901465868679 0.17316017316017315 0.14203313383641253
0 0.3011544011544012 0.33285627547922625 0.18326118326118324 0.23419203747072598
0 0.4652958152958153 0.4998265244166884 0.14213564213564212 0.1539595801890884
0 0.5843434343434344 0.5681325353456501 0.07142857142857141 0.16697024893746207
0 0.7322510822510823 0.7237184491282853 0.19552669552669552 0.20274958799548967
0 0.92994227994228 0.8690042501517911 0.13347763347763342 0.13552779946222562
0 0.9014430014430014 0.7383554514702055 0.025974025974026062 0.03252667187093423
1 0.7001443001443001 0.5372321970682626 0.03751803751803757 0.16371758175036868
1 0.49956709956709955 0.38110417208777864 0.037518037518037464 0.07914823488593982
3 0.14855699855699855 0.5643377569607078 0.023809523809523822 0.0704744557203574
3 0.20591630591630591 0.5643377569607078 0.03896103896103899 0.10300112759129149
3 0.2737373737373737 0.557290311388672 0.05483405483405482 0.09541157082140686
3 0.45158730158730154 0.5670483129499523 0.1017316017316017 0.07589556769884637
