0 0.013792517006802724 0.3755970473295701 0.021258503401360564 0.04342162396873642
0 0.12263605442176873 0.36691272253582286 0.021258503401360544 0.02388189318280505
0 0.16897959183673472 0.3745115067303517 0.03401360544217686 0.02822405557967867
0 0.2195748299319728 0.3728831958315241 0.028061224489795887 0.0336517585757707
0 0.26804421768707487 0.36582718193660446 0.019557823129251705 0.03473729917498917
0 0.3250170068027211 0.36745549283543205 0.036564625850340156 0.03365175857577076
0 0.3768877551020408 0.3739687364307425 0.024659863945578214 0.04884932696482851
0 0.42833333333333334 0.3707121146330873 0.025510204081632726 0.04667824576639169
0 0.5023129251700681 0.3641988710377769 0.059523809523809534 0.05102040816326526
0 0.5537585034013606 0.3625705601389492 0.034863945578231324 0.03907946157186279
0 0.6179591836734694 0.3690838037342597 0.04421768707482992 0.054277029960920535
0 0.6830102040816327 0.3723404255319149 0.033163265306122486 0.034737299174989106
0 0.7404081632653061 0.3712548849326965 0.03231292517006807 0.041250542770299665
0 0.7944047619047618 0.3696265740338689 0.034863945578231324 0.05753365175857575
0 0.8603061224489795 0.3707121146330873 0.04761904761904759 0.05753365175857575
0 0.9147278911564627 0.3766825879287885 0.025510204081632726 0.03473729917498917
0 0.9789285714285715 0.3766825879287885 0.026360544217687146 0.0412505427702996
0 0.8739115646258504 0.49392097264437695 0.086734693877551 0.05861919235779422
0 0.4785034013605442 0.5481980026052975 0.11564625850340131 0.10638297872340431
0 0.17025510204081634 0.5009769865392966 0.17942176870748297 0.1595744680851064
1 0.8054591836734694 0.20788102475032566 0.14710884353741505 0.17477203647416412
