3 0.6784297520661158 0.35743801652892565 0.05096418732782373 0.17768595041322313
3 0.6939256198347107 0.8977272727272728 0.09573002754820938 0.1714876033057851
3 0.2700275482093664 0.9204545454545454 0.04545454545454542 0.15495867768595048
3 0.26796143250688703 0.6807851239669421 0.02617079889807163 0.04132231404958688
3 0.15639118457300275 0.6627066115702479 0.022038567493112945 0.023760330578512453
3 0.05411845730027549 0.628099173553719 0.026859504132231406 0.061983471074380105
3 0.12746556473829201 0.7768595041322314 0.02617079889807163 0.02892561983471069
3 0.2762258953168044 0.7887396694214877 0.034435261707988996 0.04028925619834709
3 0.15776859504132232 0.9070247933884298 0.04958677685950413 0.13636363636363627
3 0.05515151515151515 0.9163223140495868 0.0647382920110193 0.1342975206611571
