3 0.3654471544715447 0.6810975609756097 0.06732723577235772 0.08130081300813004
3 0.4095909552845528 0.6833559168925022 0.014608739837398351 0.08581752484191504
3 0.48962144308943084 0.6133468834688347 0.018419715447154417 0.06323396567299003
3 0.5213795731707317 0.6077009936766034 0.020960365853658538 0.024841915085817456
3 0.4546875 0.6923893405600723 0.017149390243902416 0.04290876242095757
3 0.2374618902439024 0.29435411020776875 0.03239329268292682 0.07565492321589887
3 0.8246697154471543 0.21757000903342363 0.03683943089430895 0.06210478771454383
3 0.7414634146341463 0.32371273712737125 0.04065040650406502 0.046296296296296294
3 0.10915904471544714 0.1475609756097561 0.06034044715447154 0.08017163504968382
3 0.9707571138211382 0.6071364046973803 0.0444613821138212 0.04855465221318885
3 0.5563135162601626 0.6065718157181571 0.04128556910569105 0.02710027100271001
