3 0.8718393393393393 0.7159256030223772 0.04729729729729722 0.03321293643874288
3 0.7933858858858858 0.740316353219579 0.03153153153153141 0.030099223647610727
3 0.8571996996996996 0.6645493419686967 0.049549549549549474 0.03840245775729651
3 0.8388063063063061 0.22499688628720885 0.09384384384384381 0.2055050442147216
3 0.4769444444444444 0.040768879478556896 0.12387387387387387 0.05293311744924647
3 0.34406156156156154 0.10823265661975338 0.10435435435435438 0.09029767094283224
3 0.2622297297297297 0.19697347116701955 0.0863363363363363 0.1556856395566073
3 0.21530780780780778 0.7652260555486361 0.21621621621621623 0.03840245775729638
3 0.2209384384384384 0.441399925270893 0.08183183183183185 0.02387179806534642
3 0.3511936936936937 0.23745173745173745 0.06306306306306307 0.07888072404201436
3 0.5899324324324323 0.1362560717399427 0.031531531531531605 0.06331216008635362
