3 0.1497821350762527 0.5079522160175302 0.07409940720474235 0.18260644188402728
3 0.23971474894867506 0.4808557762540939 0.08043268987181434 0.1661129568106312
3 0.30874753001975985 0.44610164699229515 0.06396615493742716 0.11074197120708754
3 0.28848102548512944 0.08619024056926088 0.10196585093985913 0.16375674465728896
3 0.5082459340325277 0.19045262835465704 0.15643208187667823 0.13666030489385264
3 0.7289608349799868 0.09266982399095215 0.08866595733900795 0.15315378996724865
3 0.9237092769924506 0.48439009448410725 0.06776612453767038 0.1590443203506044
3 0.8347266555200892 0.48851346575245636 0.041799665602675146 0.1272354562804835
3 0.5595455236358109 0.44080016964727503 0.04749962000304004 0.08600174359699345
3 0.45441303136241573 0.44197827572394616 0.04623296346962556 0.08600174359699345
3 0.70109439124487 0.44669070003063077 0.04053300906926085 0.10485144082373168
