3 0.4549449035812672 0.197067714943098 0.08471074380165286 0.1052403503884607
3 0.6677548209366392 0.1950041786609713 0.05440771349862265 0.10936742295271407
3 0.567892561983471 0.3224275440822939 0.06267217630854001 0.08150968314400389
3 0.7207851239669422 0.3368722980571806 0.0668044077134986 0.07944614686187722
3 0.6591460055096419 0.49421693956933993 0.04269972451790627 0.16095583000588107
3 0.7249173553719007 0.47151804046594653 0.053030303030303025 0.1279392494918542
3 0.44633608815427 0.5463212306930387 0.09779614325068868 0.11246272737590414
3 0.3154820936639119 0.47203392453647813 0.13360881542699724 0.08150968314400389
3 0.030358126721763093 0.40548487943789274 0.04820936639118458 0.1155580317990941
3 0.37574380165289256 0.8078744544525954 0.046143250688705235 0.045397798206786986
3 0.8189256198347109 0.5194952590253918 0.08126721763085404 0.05262017519423035
