3 0.18666666666666665 0.6212590299277606 0.03619909502262444 0.0619195046439629
3 0.2571794871794872 0.6388028895768832 0.08823529411764701 0.17543859649122803
3 0.2270135746606335 0.2853457172342621 0.021870286576168935 0.046439628482972145
3 0.4426998491704374 0.22549019607843138 0.024886877828054228 0.046439628482972145
3 0.7338009049773756 0.44014447884416924 0.01734539969834084 0.04231166150670794
3 0.8763348416289592 0.7285861713106296 0.020361990950226266 0.03095975232198139
3 0.9641930618401207 0.6790505675954591 0.015082956259426947 0.028895768833849256
3 0.7809351432880844 0.6847265221878225 0.06033182503770744 0.0361197110423116
3 0.38236802413273 0.7260061919504645 0.018853695324283642 0.06295149638802897
3 0.32165912518853695 0.718782249742002 0.021116138763197623 0.07533539731682153
3 0.12633484162895928 0.7177502579979359 0.02714932126696834 0.07120743034055725
