3 0.9457142857142857 0.24104461604461608 0.06666666666666662 0.1319176319176319
3 0.18984126984126984 0.7376126126126127 0.24253968253968258 0.30995280995280994
3 0.5190476190476191 0.4587623337623337 0.19238095238095246 0.1490776490776491
3 0.6803174603174603 0.3911947661947662 0.04888888888888891 0.06756756756756752
3 0.7704761904761905 0.33864221364221364 0.04634920634920627 0.0933075933075933
3 0.08444444444444445 0.4308773058773058 0.16380952380952382 0.16194766194766194
3 0.46793650793650793 0.7156263406263407 0.05714285714285711 0.11154011154011152
3 0.591111111111111 0.7199163449163449 0.04063492063492061 0.08580008580008588
3 0.8361904761904763 0.7440476190476191 0.060952380952380966 0.07829257829257835
3 0.9349206349206349 0.7451201201201201 0.06666666666666675 0.0933075933075933
3 0.6568253968253969 0.7413663663663664 0.061587301587301566 0.07293007293007296
