0 0.29813762626262624 0.3051872895622896 0.03551136363636364 0.045244107744107795
0 0.33483270202020204 0.33938341750841755 0.020517676767676785 0.06313131313131315
0 0.35535037878787884 0.3983059764309764 0.028409090909090908 0.05892255892255893
0 0.3671875 0.26520412457912457 0.04419191919191916 0.05576599326599329
0 0.37507891414141414 0.31097432659932656 0.031565656565656575 0.07575757575757576
0 0.40112058080808083 0.36305765993266 0.02998737373737378 0.10206228956228956
0 0.4476799242424242 0.4582807239057239 0.025252525252525245 0.10101010101010098
0 0.44018308080808083 0.2531039562289562 0.0386679292929293 0.07996632996632998
0 0.4930555555555555 0.2699389730639731 0.027619949494949513 0.0526094276094276
0 0.46859217171717177 0.3720012626262626 0.05287247474747476 0.140993265993266
0 0.5210700757575758 0.3241266835016835 0.025252525252525245 0.059974747474747514
0 0.5743371212121212 0.2920349326599327 0.0386679292929293 0.07996632996632992
0 0.6386521464646464 0.33622685185185186 0.05366161616161624 0.1494107744107744
0 0.5518465909090909 0.3741056397306397 0.03472222222222224 0.07365319865319865
0 0.5905145202020201 0.4346064814814815 0.026830808080808035 0.0894360269360269
0 0.6836332070707071 0.4083017676767676 0.029987373737373865 0.0789141414141414
0 0.7183554292929293 0.3530618686868687 0.04577020202020211 0.0841750841750842
0 0.6891571969696969 0.27467382154882153 0.028409090909090908 0.053661616161616126
