0 0.4567550505050505 0.47090698653198654 0.02130681818181818 0.07996632996632998
0 0.585385101010101 0.41934974747474746 0.06707702020202012 0.1304713804713804
0 0.6457544191919191 0.35095749158249157 0.04103535353535357 0.13468013468013468
0 0.7183554292929293 0.34937920875420875 0.02209595959595958 0.07470538720538718
0 0.6934974747474748 0.4272411616161616 0.018150252525252434 0.04734848484848485
0 0.4824021464646464 0.38252314814814814 0.03787878787878791 0.12205387205387203
0 0.3762626262626263 0.2741477272727273 0.0386679292929293 0.06523569023569026
0 0.31431502525252525 0.3057133838383838 0.02683080808080812 0.0526094276094276
0 0.4476799242424242 0.2704650673400673 0.0394570707070707 0.07260101010101012
0 0.516729797979798 0.30623947811447816 0.04971590909090909 0.10206228956228956
0 0.6208964646464646 0.218381734006734 0.03077651515151526 0.0526094276094276
0 0.4153251262626263 0.3741056397306397 0.025252525252525245 0.11363636363636363
0 0.348248106060606 0.3546401515151515 0.02998737373737378 0.06418350168350168
0 0.37192234848484856 0.41724537037037035 0.023674242424242452 0.06313131313131315
0 0.6003787878787878 0.3262310606060606 0.024463383838383767 0.038930976430976406
