0 0.2358974358974359 0.3019480519480519 0.04662004662004667 0.09956709956709955
0 0.401010101010101 0.19859307359307354 0.05050505050505048 0.10064935064935064
0 0.44996114996114994 0.16017316017316016 0.052059052059052084 0.09740259740259738
0 0.5816627816627816 0.17694805194805197 0.09945609945609937 0.1634199134199134
0 0.5311577311577311 0.2532467532467532 0.04040404040404039 0.07575757575757577
0 0.4930846930846931 0.39285714285714285 0.04351204351204351 0.2077922077922078
0 0.784071484071484 0.34577922077922074 0.06293706293706283 0.1266233766233766
0 0.7786324786324785 0.2029220779220779 0.038073038073038135 0.07467532467532467
0 0.9122766122766122 0.24404761904761904 0.05205905205905194 0.10281385281385279
0 0.8994560994560994 0.4794372294372294 0.03418803418803429 0.09523809523809526
0 0.7829059829059829 0.6834415584415585 0.04351204351204358 0.09632034632034632
0 0.5000777000777 0.847943722943723 0.057498057498057455 0.13311688311688313
0 0.23822843822843823 0.612012987012987 0.04040404040404042 0.08982683982683984
