0 0.08166278166278164 0.38095238095238093 0.031857031857031835 0.10822510822510825
0 0.063014763014763 0.4880952380952381 0.04273504273504275 0.10822510822510825
0 0.049028749028749014 0.619047619047619 0.03651903651903652 0.16233766233766228
0 0.2813519813519813 0.6314935064935064 0.03962703962703959 0.15259740259740256
0 0.27668997668997664 0.48593073593073594 0.027195027195027165 0.1471861471861472
0 0.27435897435897433 0.283008658008658 0.031857031857031815 0.08982683982683984
0 0.43325563325563315 0.21807359307359306 0.03418803418803421 0.1158008658008658
0 0.4530691530691531 0.2884199134199134 0.020979020979020994 0.06818181818181819
0 0.4682206682206681 0.36038961038961037 0.023310023310023315 0.08225108225108226
0 0.5082362082362082 0.47077922077922074 0.038073038073038065 0.14935064935064934
0 0.5804972804972804 0.6325757575757575 0.05205905205905201 0.17857142857142858
0 0.9021756021756021 0.6477272727272727 0.06604506604506603 0.16125541125541118
0 0.7972804972804971 0.4967532467532468 0.042735042735042784 0.11255411255411256
0 0.7075369075369076 0.3392857142857143 0.03108003108003109 0.13961038961038957
0 0.6189588189588189 0.22673160173160173 0.04040404040404039 0.09848484848484847
0 0.7887334887334886 0.20346320346320346 0.038073038073038135 0.09523809523809523
0 0.9717171717171715 0.33712121212121204 0.03574203574203574 0.1612554112554112
