0 0.12161751292186074 0.6747610028860029 0.08361204013377925 0.16797438672438672
0 0.2945424141076315 0.6420680014430014 0.05700820918212218 0.09582431457431455
0 0.6011198945981554 0.8494994588744588 0.08614573831965135 0.23561507936507942
0 0.7499746630181413 0.7897501803751803 0.10008107834194785 0.14542748917748913
0 0.8953455964325528 0.6144480519480519 0.09438025742373568 0.12400793650793648
0 0.22961639809465897 0.25144300144300147 0.09057971014492752 0.16684704184704185
0 0.4259780074997466 0.5355339105339105 0.10071450288841587 0.12175324675324675
0 0.40507499746630177 0.20804022366522362 0.09311340833079965 0.174738455988456
0 0.5862344177561568 0.4724025974025974 0.07284382284382285 0.12400793650793657
0 0.6891659065572109 0.3675595238095238 0.07981149285497105 0.14204545454545453
0 0.7965313671835411 0.32472041847041844 0.08044491740143916 0.1443001443001443
0 0.9466529846964629 0.28977272727272724 0.08044491740143916 0.1352813852813853
